# 0 target:1 c+:51 c-:10 score:33.951073498597516 score+:1116.2817689499177 score-:491.58201657572346 nb:29 =l_2c_119 l_2c_106 l_2c_91 l_2c_121 l_2c_40 l_2c_32 l_2c_75 l_2c_104 l_2c_84 l_2c_117 l_2c_50 l_2c_108 l_2c_15 l_2c_51 l_2c_4 l_2c_71 l_2c_16 l_2c_6 l_2c_18 l_2c_70 l_2c_24 l_2c_42 l_2c_12 l_2c_72 l_2c_7 l_2c_82 l_2c_99 l_2c_105 l_2c_55 
2039 72 0.0
3048 108 1.0
2 0 1.0
125 4 1.0
176 6 1.0
206 7 1.0
292 10 1.0
565 20 1.0
978 34 1.0
1861 66 0.0
2808 100 1.0
80 2 1.0
109 3 1.0
745 26 1.0
343 12 1.0
1774 63 0.0
1892 67 0.0
1961 70 0.0
853 30 1.0
1793 64 0.0
394 14 1.0
1962 70 0.0
2150 76 0.0
2255 80 0.0
53 1 1.0
140 5 1.0
425 15 1.0
546 19 1.0
613 21 1.0
780 27 1.0
828 29 1.0
870 31 1.0
906 32 1.0
1141 40 1.0
1246 44 1.0
1295 46 1.0
1347 48 1.0
1372 49 1.0
1410 50 1.0
1453 51 1.0
1801 64 0.0
1989 71 0.0
2426 86 1.0
2455 87 1.0
2545 90 1.0
2614 93 1.0
2672 95 1.0
3071 109 1.0
16 0 1.0
32 1 1.0
458 16 1.0
557 19 1.0
754 26 1.0
784 28 1.0
1097 39 1.0
1232 44 1.0
2504 89 1.0
2880 102 1.0
313 11 1.0
364 13 1.0
480 17 1.0
531 18 1.0
995 35 1.0
1673 59 0.0
535 19 1.0
723 25 1.0
2471 88 1.0
2847 101 1.0
473 16 1.0
1204 43 1.0
 fin motif
# 1 target:1 c+:67 c-:23 score:25.96279492470373 score+:1489.1637761938225 score-:1198.3804730371407 nb:17 =l_2c_5 l_2c_64 l_2c_91 l_2c_121 l_2c_57 l_2c_76 l_2c_81 l_2c_87 l_2c_31 l_2c_3 l_2c_98 l_2c_30 l_2c_35 l_2c_119 l_2c_8 l_2c_114 l_2c_38 
871 31 1.0
1222 43 1.0
2901 103 1.0
8 0 1.0
48 1 1.0
61 2 1.0
112 4 1.0
146 5 1.0
181 6 1.0
185 6 1.0
196 7 1.0
249 8 1.0
236 8 1.0
257 9 1.0
300 10 1.0
316 11 1.0
334 11 1.0
336 12 1.0
337 12 1.0
368 13 1.0
373 13 1.0
392 14 1.0
424 15 1.0
464 16 1.0
477 17 1.0
522 18 1.0
552 19 1.0
577 20 1.0
605 21 1.0
633 22 1.0
619 22 1.0
644 23 1.0
673 24 1.0
683 24 1.0
705 25 1.0
735 26 1.0
768 27 1.0
757 27 1.0
756 27 1.0
800 28 1.0
793 28 1.0
821 29 1.0
834 29 1.0
849 30 1.0
895 31 1.0
907 32 1.0
932 33 1.0
936 33 1.0
958 34 1.0
972 34 1.0
999 35 1.0
1022 36 1.0
1037 37 1.0
1089 38 1.0
1099 39 1.0
1129 40 1.0
1169 41 1.0
1183 42 1.0
1210 43 1.0
1247 44 1.0
1274 45 1.0
1282 45 1.0
1297 46 1.0
1315 46 1.0
1318 47 1.0
1354 48 1.0
1435 51 1.0
1462 52 1.0
1479 52 1.0
1503 53 1.0
1485 53 1.0
1522 54 1.0
1542 55 1.0
1568 56 0.0
1608 57 0.0
1650 58 0.0
1710 61 0.0
1747 62 0.0
1796 64 0.0
1838 65 0.0
1873 66 0.0
1877 67 0.0
1911 68 0.0
1936 69 0.0
1984 70 0.0
1998 71 0.0
2035 72 0.0
2065 73 0.0
2073 74 0.0
2123 75 0.0
2169 77 0.0
2200 78 0.0
2216 79 0.0
2253 80 0.0
2311 82 0.0
2360 84 1.0
2381 85 1.0
2432 86 1.0
2492 89 1.0
2513 89 1.0
2548 91 1.0
2576 92 1.0
2680 95 1.0
2660 95 1.0
2757 98 1.0
2780 99 1.0
2868 102 1.0
2945 105 1.0
2968 106 1.0
3056 109 1.0
3178 113 0.0
 fin motif
# 2 target:1 c+:38 c-:8 score:23.347252151783785 score+:448.27814130546267 score-:228.81397107869518 nb:14 =l_2c_119 l_2c_35 l_2c_91 l_2c_121 l_2c_57 l_2c_81 l_2c_87 l_2c_31 l_2c_30 l_2c_114 l_2c_3 l_2c_80 l_2c_38 l_2c_32 
2039 72 0.0
3048 108 1.0
2 0 1.0
125 4 1.0
176 6 1.0
206 7 1.0
292 10 1.0
565 20 1.0
978 34 1.0
1861 66 0.0
2808 100 1.0
80 2 1.0
109 3 1.0
745 26 1.0
343 12 1.0
1774 63 0.0
394 14 1.0
1962 70 0.0
2150 76 0.0
2255 80 0.0
140 5 1.0
1141 40 1.0
1453 51 1.0
16 0 1.0
32 1 1.0
458 16 1.0
557 19 1.0
754 26 1.0
784 28 1.0
1097 39 1.0
1232 44 1.0
2504 89 1.0
2880 102 1.0
480 17 1.0
531 18 1.0
535 19 1.0
723 25 1.0
2471 88 1.0
2847 101 1.0
473 16 1.0
451 16 1.0
1166 41 1.0
44 1 1.0
115 4 1.0
168 6 1.0
232 8 1.0
582 20 1.0
608 21 1.0
668 23 1.0
796 28 1.0
867 30 1.0
937 33 1.0
1798 64 0.0
1879 67 0.0
942 33 1.0
1080 38 1.0
1420 50 1.0
 fin motif
# 3 target:1 c+:17 c-:2 score:17.037617689529434 score+:647.1164489252462 score-:180.28572423213942 nb:44 =l_2c_29 l_2c_91 l_2c_40 l_2c_32 l_2c_75 l_2c_104 l_2c_84 l_2c_117 l_2c_50 l_2c_108 l_2c_15 l_2c_51 l_2c_74 l_2c_19 l_2c_4 l_2c_71 l_2c_102 l_2c_116 l_2c_16 l_2c_6 l_2c_18 l_2c_70 l_2c_24 l_2c_42 l_2c_122 l_2c_127 l_2c_12 l_2c_126 l_2c_72 l_2c_2 l_2c_7 l_2c_123 l_2c_22 l_2c_9 l_2c_82 l_2c_61 l_2c_99 l_2c_107 l_2c_105 l_2c_55 l_2c_106 l_2c_125 l_2c_115 l_2c_85 
472 16 1.0
543 19 1.0
650 23 1.0
759 27 1.0
814 29 1.0
2154 76 0.0
62 2 1.0
87 3 1.0
142 5 1.0
454 16 1.0
910 32 1.0
1002 35 1.0
1018 36 1.0
1446 51 1.0
1494 53 1.0
2224 79 0.0
2468 88 1.0
2737 97 1.0
2844 101 1.0
4038 144 1.0
 fin motif
# 4 target:1 c+:21 c-:4 score:14.03557285335378 score+:311.8275398587325 score-:154.6291239011702 nb:17 =l_2c_59 l_2c_5 l_2c_85 l_2c_123 l_2c_126 l_2c_40 l_2c_32 l_2c_75 l_2c_84 l_2c_50 l_2c_108 l_2c_15 l_2c_74 l_2c_19 l_2c_4 l_2c_6 l_2c_18 
330 11 1.0
571 20 1.0
729 26 1.0
1269 45 1.0
1745 62 0.0
2585 92 1.0
3892 139 0.0
320 11 1.0
617 22 1.0
893 31 1.0
1081 38 1.0
1457 52 1.0
1933 69 0.0
2334 83 0.0
2397 85 1.0
2873 102 1.0
362 12 1.0
508 18 1.0
550 19 1.0
518 18 1.0
626 22 1.0
1105 39 1.0
1206 43 1.0
2522 90 1.0
3061 109 1.0
87 3 1.0
142 5 1.0
7 0 1.0
 fin motif
# 5 target:1 c+:15 c-:1 score:10.458693810634712 score+:86.3235136997655 score-:19.387873311703363 nb:9 =l_2c_103 l_2c_114 l_2c_91 l_2c_121 l_2c_57 l_2c_98 l_2c_3 l_2c_38 l_2c_40 
320 11 1.0
893 31 1.0
1457 52 1.0
1933 69 0.0
2397 85 1.0
2873 102 1.0
362 12 1.0
508 18 1.0
550 19 1.0
518 18 1.0
626 22 1.0
44 1 1.0
232 8 1.0
608 21 1.0
796 28 1.0
871 31 1.0
1222 43 1.0
2901 103 1.0
 fin motif
# 6 target:1 c+:10 c-:1 score:6.497706327974352 score+:232.6959715901095 score-:78.05056098431986 nb:38 =l_2c_73 l_2c_85 l_2c_115 l_2c_40 l_2c_32 l_2c_75 l_2c_104 l_2c_84 l_2c_117 l_2c_50 l_2c_108 l_2c_15 l_2c_51 l_2c_74 l_2c_19 l_2c_4 l_2c_71 l_2c_102 l_2c_116 l_2c_16 l_2c_6 l_2c_18 l_2c_70 l_2c_24 l_2c_42 l_2c_122 l_2c_127 l_2c_12 l_2c_126 l_2c_72 l_2c_2 l_2c_7 l_2c_123 l_2c_22 l_2c_9 l_2c_82 l_2c_61 l_2c_107 
275 9 1.0
2656 94 1.0
330 11 1.0
429 15 1.0
642 22 1.0
830 29 1.0
1394 49 1.0
2342 83 0.0
87 3 1.0
142 5 1.0
7 0 1.0
 fin motif
