# 0 target:1 c+:29 c-:4 score:28.261280574097427 score+:484.73907541034805 score-:168.21273298045702 nb:17 =l_0c_36 l_0c_114 l_0c_120 l_0c_69 l_0c_92 l_0c_44 l_0c_78 l_0c_111 l_0c_55 l_0c_104 l_0c_10 l_0c_97 l_0c_48 l_0c_4 l_0c_107 l_0c_0 l_0c_79 
9 0 1.0
35 1 1.0
77 2 1.0
87 3 1.0
122 4 1.0
165 5 1.0
181 6 1.0
2566 91 1.0
414 14 1.0
472 16 1.0
543 19 1.0
759 27 1.0
814 29 1.0
2318 82 0.0
401 14 1.0
517 18 1.0
639 22 1.0
698 24 1.0
704 25 1.0
884 31 1.0
926 33 1.0
1078 38 1.0
1114 39 1.0
1833 65 0.0
2021 72 0.0
2242 80 0.0
2309 82 0.0
2388 85 1.0
2497 89 1.0
2618 93 1.0
2692 96 1.0
2764 98 1.0
2806 100 1.0
723 25 1.0
2672 95 1.0
3029 108 1.0
2039 72 0.0
3048 108 1.0
 fin motif
# 1 target:1 c+:31 c-:5 score:23.60958503953695 score+:411.3633212789007 score-:175.2674708835313 nb:15 =l_0c_43 l_0c_14 l_0c_80 l_0c_71 l_0c_74 l_0c_8 l_0c_92 l_0c_93 l_0c_115 l_0c_61 l_0c_88 l_0c_34 l_0c_27 l_0c_53 l_0c_116 
38 1 1.0
96 3 1.0
129 4 1.0
167 5 1.0
195 6 1.0
226 8 1.0
284 10 1.0
317 11 1.0
353 12 1.0
355 12 1.0
518 18 1.0
571 20 1.0
626 22 1.0
729 26 1.0
1206 43 1.0
1238 44 1.0
1269 45 1.0
1426 50 1.0
1447 51 1.0
1465 52 1.0
1636 58 0.0
1653 59 0.0
1678 59 0.0
1745 62 0.0
2342 83 0.0
2522 90 1.0
2585 92 1.0
3061 109 1.0
3892 139 0.0
4122 147 1.0
380 13 1.0
491 17 1.0
510 18 1.0
544 19 1.0
687 24 1.0
944 33 1.0
1063 37 1.0
1124 40 1.0
2659 94 1.0
 fin motif
# 2 target:1 c+:53 c-:16 score:23.184886617867406 score+:1466.0729369336752 score-:1053.3819551356355 nb:28 =l_0c_91 l_0c_75 l_0c_76 l_0c_109 l_0c_53 l_0c_46 l_0c_27 l_0c_87 l_0c_100 l_0c_45 l_0c_30 l_0c_20 l_0c_89 l_0c_42 l_0c_101 l_0c_74 l_0c_93 l_0c_115 l_0c_96 l_0c_17 l_0c_31 l_0c_66 l_0c_108 l_0c_83 l_0c_85 l_0c_99 l_0c_24 l_0c_12 
392 14 1.0
437 15 1.0
488 17 1.0
514 18 1.0
556 19 1.0
640 22 1.0
677 24 1.0
768 27 1.0
911 32 1.0
2267 80 0.0
13 0 1.0
41 1 1.0
88 3 1.0
119 4 1.0
177 6 1.0
201 7 1.0
229 8 1.0
276 9 1.0
307 10 1.0
325 11 1.0
337 12 1.0
365 13 1.0
522 18 1.0
525 18 1.0
513 18 1.0
553 19 1.0
572 20 1.0
661 23 1.0
713 25 1.0
721 25 1.0
760 27 1.0
834 29 1.0
849 30 1.0
905 32 1.0
901 32 1.0
902 32 1.0
941 33 1.0
939 33 1.0
1037 37 1.0
1144 40 1.0
1129 40 1.0
1130 40 1.0
1147 40 1.0
1160 41 1.0
1162 41 1.0
1183 42 1.0
1227 43 1.0
1272 45 1.0
1281 45 1.0
1308 46 1.0
1299 46 1.0
1297 46 1.0
1335 47 1.0
1318 47 1.0
1354 48 1.0
1487 53 1.0
1522 54 1.0
1542 55 1.0
1608 57 0.0
1705 60 0.0
1733 61 0.0
1710 61 0.0
1740 62 0.0
1817 64 0.0
1796 64 0.0
1811 64 0.0
1838 65 0.0
1847 65 0.0
1868 66 0.0
1851 66 0.0
1896 67 0.0
1942 69 0.0
1941 69 0.0
2018 72 0.0
2035 72 0.0
2065 73 0.0
2061 73 0.0
2060 73 0.0
2130 76 0.0
2156 77 0.0
2253 80 0.0
2344 83 0.0
2360 84 1.0
2368 84 1.0
2432 86 1.0
2513 89 1.0
2548 91 1.0
2613 93 1.0
2896 103 1.0
2933 104 1.0
2965 105 1.0
3019 107 1.0
3056 109 1.0
3133 111 1.0
3156 112 0.0
1090 38 1.0
1111 39 1.0
1093 39 1.0
1754 62 0.0
2384 85 1.0
2572 91 1.0
 fin motif
# 3 target:1 c+:21 c-:0 score:20.129738008154266 score+:297.92012252068304 score-:0 nb:23 =l_0c_30 l_0c_109 l_0c_46 l_0c_18 l_0c_92 l_0c_44 l_0c_5 l_0c_78 l_0c_111 l_0c_102 l_0c_55 l_0c_118 l_0c_104 l_0c_10 l_0c_87 l_0c_80 l_0c_71 l_0c_8 l_0c_53 l_0c_116 l_0c_51 l_0c_25 l_0c_27 
464 16 1.0
580 20 1.0
2430 86 1.0
2474 88 1.0
2510 89 1.0
2525 90 1.0
2564 91 1.0
2576 92 1.0
2926 104 1.0
2956 105 1.0
1078 38 1.0
2692 96 1.0
380 13 1.0
491 17 1.0
510 18 1.0
544 19 1.0
687 24 1.0
944 33 1.0
1063 37 1.0
1124 40 1.0
2659 94 1.0
 fin motif
# 4 target:1 c+:10 c-:0 score:10.074643041171282 score+:106.79121623641555 score-:0 nb:16 =l_0c_121 l_0c_101 l_0c_64 l_0c_44 l_0c_5 l_0c_38 l_0c_78 l_0c_111 l_0c_102 l_0c_40 l_0c_80 l_0c_71 l_0c_8 l_0c_116 l_0c_51 l_0c_3 
13 0 1.0
41 1 1.0
88 3 1.0
119 4 1.0
177 6 1.0
1147 40 1.0
723 25 1.0
2653 94 1.0
2672 95 1.0
3029 108 1.0
 fin motif
# 5 target:1 c+:11 c-:0 score:8.737620152422965 score+:244.65336426784322 score-:0 nb:45 =l_0c_54 l_0c_107 l_0c_92 l_0c_44 l_0c_5 l_0c_38 l_0c_78 l_0c_111 l_0c_102 l_0c_64 l_0c_55 l_0c_122 l_0c_110 l_0c_118 l_0c_50 l_0c_104 l_0c_10 l_0c_18 l_0c_88 l_0c_23 l_0c_14 l_0c_114 l_0c_120 l_0c_97 l_0c_0 l_0c_4 l_0c_48 l_0c_69 l_0c_98 l_0c_36 l_0c_73 l_0c_123 l_0c_117 l_0c_13 l_0c_11 l_0c_79 l_0c_63 l_0c_80 l_0c_71 l_0c_8 l_0c_116 l_0c_51 l_0c_3 l_0c_40 l_0c_25 
9 0 1.0
35 1 1.0
77 2 1.0
87 3 1.0
122 4 1.0
165 5 1.0
181 6 1.0
2566 91 1.0
723 25 1.0
2672 95 1.0
3029 108 1.0
 fin motif
