# 0 target:0 c+:51 c-:50 score:107.28589301832811 score+:574.2105500086873 score-:1325.211801136984 nb:10 =l_1c_126 l_1c_34 l_1c_15 l_1c_16 l_1c_75 l_1c_37 l_1c_100 l_1c_113 l_1c_62 l_1c_83 
1469 52 1.0
1841 65 0.0
2137 76 0.0
1152 41 1.0
1176 42 1.0
1208 43 1.0
1243 44 1.0
1276 45 1.0
1304 46 1.0
1320 47 1.0
1454 51 1.0
1496 53 1.0
1553 55 1.0
1587 56 0.0
1614 57 0.0
1627 58 0.0
1658 59 0.0
1700 60 0.0
1717 61 0.0
1736 62 0.0
1779 63 0.0
1804 64 0.0
1862 66 0.0
1893 67 0.0
1919 68 0.0
1944 69 0.0
1977 70 0.0
1999 71 0.0
2026 72 0.0
2064 73 0.0
2103 75 0.0
2227 79 0.0
2249 80 0.0
2287 81 0.0
2312 82 0.0
2332 83 0.0
2374 84 1.0
2401 85 1.0
2417 86 1.0
2493 89 1.0
2530 90 1.0
2583 92 1.0
2631 93 1.0
2649 94 1.0
2678 95 1.0
2710 96 1.0
2723 97 1.0
2754 98 1.0
2801 100 1.0
2839 101 1.0
2876 102 1.0
2894 103 1.0
2916 104 1.0
2946 105 1.0
2981 106 1.0
3011 107 1.0
3038 108 1.0
3060 109 1.0
3089 110 1.0
3114 111 1.0
3138 112 0.0
3174 113 0.0
3203 114 0.0
3224 115 0.0
3258 116 0.0
3297 117 0.0
3321 118 0.0
3344 119 0.0
3370 120 0.0
3415 121 0.0
3440 122 0.0
3493 124 0.0
3500 125 0.0
3545 126 0.0
3556 127 0.0
3587 128 0.0
3618 129 0.0
3653 130 0.0
3678 131 0.0
3705 132 0.0
3734 133 0.0
3755 134 0.0
3782 135 0.0
3822 136 0.0
3844 137 0.0
3920 140 1.0
3979 142 1.0
4057 144 1.0
4109 146 1.0
4118 147 1.0
4217 150 1.0
4231 151 1.0
4256 152 1.0
4315 154 1.0
4375 156 1.0
4425 158 1.0
4484 160 1.0
4535 161 1.0
4705 168 1.0
4808 171 1.0
4879 174 1.0
 fin motif
# 1 target:0 c+:76 c-:55 score:102.84969180504012 score+:512.6972443751978 score-:862.3861965123342 nb:4 =l_1c_69 l_1c_34 l_1c_126 l_1c_15 
2137 76 0.0
3258 116 0.0
3822 136 0.0
1343 47 1.0
1360 48 1.0
1376 49 1.0
1425 50 1.0
1444 51 1.0
1471 52 1.0
1484 53 1.0
1524 54 1.0
1544 55 1.0
1569 56 0.0
1618 57 0.0
1629 58 0.0
1652 59 0.0
1684 60 0.0
1708 61 0.0
1741 62 0.0
1780 63 0.0
1802 64 0.0
1821 65 0.0
1859 66 0.0
1876 67 0.0
1905 68 0.0
1960 70 0.0
1990 71 0.0
2020 72 0.0
2051 73 0.0
2076 74 0.0
2101 75 0.0
2162 77 0.0
2187 78 0.0
2214 79 0.0
2245 80 0.0
2269 81 0.0
2297 82 0.0
2350 83 0.0
2353 84 1.0
2383 85 1.0
2408 86 1.0
2440 87 1.0
2475 88 1.0
2498 89 1.0
2542 90 1.0
2562 91 1.0
2598 92 1.0
2605 93 1.0
2663 95 1.0
2688 96 1.0
2726 97 1.0
2750 98 1.0
2776 99 1.0
2820 100 1.0
2837 101 1.0
2863 102 1.0
2892 103 1.0
2914 104 1.0
2959 105 1.0
2989 106 1.0
3007 107 1.0
3025 108 1.0
3064 109 1.0
3082 110 1.0
3117 111 1.0
3177 113 0.0
3201 114 0.0
3227 115 0.0
3252 116 0.0
3289 117 0.0
3320 118 0.0
3332 119 0.0
3379 120 0.0
3399 121 0.0
3426 122 0.0
3452 123 0.0
3490 124 0.0
3519 125 0.0
3548 126 0.0
3558 127 0.0
3600 128 0.0
3620 129 0.0
3677 131 0.0
3697 132 0.0
3744 133 0.0
3758 134 0.0
3791 135 0.0
3816 136 0.0
3841 137 0.0
3869 138 0.0
3896 139 0.0
3930 140 1.0
3963 141 1.0
3980 142 1.0
4010 143 1.0
4043 144 1.0
4068 145 1.0
4099 146 1.0
4130 147 1.0
4162 148 1.0
4194 149 1.0
4203 150 1.0
4245 151 1.0
4296 153 1.0
4329 154 1.0
4355 155 1.0
4405 157 1.0
4433 158 1.0
4494 160 1.0
4517 161 1.0
4562 162 1.0
4582 163 1.0
4593 164 1.0
4620 165 1.0
4672 166 1.0
4691 167 1.0
4723 168 1.0
4751 169 1.0
4770 170 1.0
4801 171 1.0
4860 173 1.0
4893 174 1.0
4911 175 1.0
4996 178 1.0
5067 180 1.0
5081 181 1.0
5184 185 1.0
5255 187 1.0
533 19 1.0
1536 54 1.0
1566 55 1.0
2325 83 0.0
383 13 1.0
541 19 1.0
1426 50 1.0
1447 51 1.0
1653 59 0.0
1753 62 0.0
1822 65 0.0
1870 66 0.0
1908 68 0.0
1943 69 0.0
2461 87 1.0
3032 108 1.0
3074 109 1.0
3113 111 1.0
3143 112 0.0
3164 113 0.0
3730 133 0.0
4381 156 1.0
4414 157 1.0
4569 163 1.0
4602 164 1.0
 fin motif
# 2 target:0 c+:95 c-:52 score:49.06255706417028 score+:1754.584393982101 score-:2245.2099646238034 nb:15 =l_1c_78 l_1c_113 l_1c_121 l_1c_61 l_1c_114 l_1c_32 l_1c_82 l_1c_5 l_1c_36 l_1c_51 l_1c_111 l_1c_11 l_1c_10 l_1c_60 l_1c_91 
16 0 1.0
35 1 1.0
80 2 1.0
109 3 1.0
125 4 1.0
140 5 1.0
176 6 1.0
206 7 1.0
235 8 1.0
267 9 1.0
292 10 1.0
327 11 1.0
343 12 1.0
376 13 1.0
405 14 1.0
434 15 1.0
454 16 1.0
482 17 1.0
512 18 1.0
536 19 1.0
565 20 1.0
609 21 1.0
618 22 1.0
647 23 1.0
672 24 1.0
703 25 1.0
745 26 1.0
766 27 1.0
799 28 1.0
831 29 1.0
845 30 1.0
891 31 1.0
916 32 1.0
930 33 1.0
978 34 1.0
982 35 1.0
1021 36 1.0
1038 37 1.0
1070 38 1.0
1096 39 1.0
1141 40 1.0
1154 41 1.0
1199 42 1.0
1212 43 1.0
1232 44 1.0
1270 45 1.0
1306 46 1.0
1325 47 1.0
1347 48 1.0
1372 49 1.0
1410 50 1.0
1423 50 1.0
1453 51 1.0
1461 52 1.0
1488 53 1.0
1523 54 1.0
1546 55 1.0
1570 56 0.0
1600 57 0.0
1640 58 0.0
1669 59 0.0
1690 60 0.0
1716 61 0.0
1752 62 0.0
1774 63 0.0
1801 64 0.0
1806 64 0.0
1828 65 0.0
1861 66 0.0
1887 67 0.0
1892 67 0.0
1914 68 0.0
1937 69 0.0
1964 70 0.0
1961 70 0.0
1989 71 0.0
2039 72 0.0
2046 73 0.0
2087 74 0.0
2115 75 0.0
2142 76 0.0
2164 77 0.0
2198 78 0.0
2221 79 0.0
2243 80 0.0
2278 81 0.0
2296 82 0.0
2329 83 0.0
2378 84 1.0
2400 85 1.0
2421 86 1.0
2443 87 1.0
2473 88 1.0
2502 89 1.0
2529 90 1.0
2566 91 1.0
2596 92 1.0
2614 93 1.0
2646 94 1.0
2672 95 1.0
2690 96 1.0
2716 97 1.0
2756 98 1.0
2784 99 1.0
2808 100 1.0
2849 101 1.0
2865 102 1.0
2888 103 1.0
2928 104 1.0
2941 105 1.0
2982 106 1.0
3002 107 1.0
3048 108 1.0
3065 109 1.0
3097 110 1.0
3111 111 1.0
3168 113 0.0
3225 115 0.0
3266 116 0.0
3296 117 0.0
3317 118 0.0
3361 120 0.0
3410 121 0.0
3430 122 0.0
3454 123 0.0
3476 124 0.0
3544 126 0.0
3563 127 0.0
3598 128 0.0
3622 129 0.0
3645 130 0.0
3675 131 0.0
3737 133 0.0
3805 135 0.0
3877 138 0.0
3993 142 1.0
4005 143 1.0
4038 144 1.0
4065 145 1.0
4127 147 1.0
4181 149 1.0
4226 150 1.0
4253 151 1.0
195 6 1.0
226 8 1.0
275 9 1.0
284 10 1.0
320 11 1.0
317 11 1.0
355 12 1.0
362 12 1.0
414 14 1.0
429 15 1.0
472 16 1.0
518 18 1.0
508 18 1.0
543 19 1.0
550 19 1.0
571 20 1.0
642 22 1.0
650 23 1.0
729 26 1.0
759 27 1.0
814 29 1.0
830 29 1.0
893 31 1.0
917 32 1.0
1081 38 1.0
1206 43 1.0
1238 44 1.0
1269 45 1.0
1394 49 1.0
1457 52 1.0
1636 58 0.0
1678 59 0.0
1745 62 0.0
1933 69 0.0
2012 71 0.0
2334 83 0.0
2342 83 0.0
2397 85 1.0
2484 88 1.0
2522 90 1.0
2585 92 1.0
2653 94 1.0
2841 101 1.0
2860 102 1.0
2873 102 1.0
3029 108 1.0
3061 109 1.0
3219 114 0.0
3356 119 0.0
3595 128 0.0
3629 129 0.0
3662 130 0.0
3817 136 0.0
3850 137 0.0
3892 139 0.0
3971 141 1.0
4122 147 1.0
4159 148 1.0
4347 155 1.0
 fin motif
# 3 target:0 c+:14 c-:15 score:42.71639037509964 score+:402.26181890674115 score-:1008.8345622331559 nb:22 =l_1c_71 l_1c_75 l_1c_113 l_1c_62 l_1c_83 l_1c_23 l_1c_21 l_1c_7 l_1c_24 l_1c_105 l_1c_63 l_1c_37 l_1c_127 l_1c_96 l_1c_0 l_1c_34 l_1c_104 l_1c_70 l_1c_106 l_1c_52 l_1c_15 l_1c_8 
1132 40 1.0
1251 44 1.0
1312 46 1.0
1439 51 1.0
1724 61 0.0
1807 64 0.0
1884 67 0.0
1912 68 0.0
2014 71 0.0
2100 75 0.0
2288 81 0.0
2424 86 1.0
3035 108 1.0
1271 45 1.0
1302 46 1.0
1448 51 1.0
1456 52 1.0
1490 53 1.0
1767 63 0.0
1826 65 0.0
2023 72 0.0
2281 81 0.0
2773 99 1.0
2952 105 1.0
2994 106 1.0
3068 109 1.0
3149 112 0.0
3182 113 0.0
3249 116 0.0
3437 122 0.0
3704 132 0.0
3934 140 1.0
 fin motif
# 4 target:0 c+:0 c-:4 score:15.652264601884156 score+:0 score-:128.34856973545004 nb:12 =l_1c_0 l_1c_113 l_1c_62 l_1c_34 l_1c_69 l_1c_105 l_1c_106 l_1c_75 l_1c_83 l_1c_23 l_1c_104 l_1c_24 
2137 76 0.0
1824 65 0.0
1866 66 0.0
2054 73 0.0
 fin motif
# 5 target:0 c+:96 c-:49 score:15.005720549321026 score+:449.6600093668946 score-:509.6828915641787 nb:5 =l_1c_124 l_1c_113 l_1c_8 l_1c_107 l_1c_23 
4 0 1.0
21 0 1.0
16 0 1.0
32 1 1.0
40 1 1.0
35 1 1.0
34 1 1.0
63 2 1.0
80 2 1.0
109 3 1.0
101 3 1.0
123 4 1.0
125 4 1.0
114 4 1.0
138 4 1.0
143 5 1.0
140 5 1.0
155 5 1.0
180 6 1.0
190 6 1.0
184 6 1.0
176 6 1.0
170 6 1.0
219 7 1.0
206 7 1.0
213 7 1.0
204 7 1.0
244 8 1.0
249 8 1.0
235 8 1.0
267 9 1.0
262 9 1.0
300 10 1.0
298 10 1.0
303 10 1.0
292 10 1.0
326 11 1.0
331 11 1.0
327 11 1.0
322 11 1.0
328 11 1.0
360 12 1.0
356 12 1.0
343 12 1.0
366 13 1.0
368 13 1.0
376 13 1.0
394 14 1.0
405 14 1.0
434 15 1.0
422 15 1.0
454 16 1.0
458 16 1.0
451 16 1.0
473 16 1.0
489 17 1.0
494 17 1.0
482 17 1.0
512 18 1.0
507 18 1.0
536 19 1.0
557 19 1.0
535 19 1.0
563 20 1.0
565 20 1.0
584 20 1.0
609 21 1.0
608 21 1.0
618 22 1.0
638 22 1.0
629 22 1.0
663 23 1.0
658 23 1.0
647 23 1.0
672 24 1.0
674 24 1.0
679 24 1.0
723 25 1.0
703 25 1.0
708 25 1.0
736 26 1.0
745 26 1.0
780 27 1.0
766 27 1.0
796 28 1.0
799 28 1.0
784 28 1.0
786 28 1.0
804 28 1.0
831 29 1.0
828 29 1.0
835 29 1.0
845 30 1.0
867 30 1.0
865 30 1.0
871 31 1.0
891 31 1.0
916 32 1.0
906 32 1.0
930 33 1.0
927 33 1.0
956 34 1.0
978 34 1.0
953 34 1.0
982 35 1.0
1005 35 1.0
1021 36 1.0
1015 36 1.0
1038 37 1.0
1039 37 1.0
1049 37 1.0
1084 38 1.0
1080 38 1.0
1070 38 1.0
1066 38 1.0
1073 38 1.0
1116 39 1.0
1097 39 1.0
1102 39 1.0
1096 39 1.0
1141 40 1.0
1138 40 1.0
1154 41 1.0
1161 41 1.0
1177 42 1.0
1192 42 1.0
1199 42 1.0
1211 43 1.0
1212 43 1.0
1232 44 1.0
1257 44 1.0
1252 44 1.0
1270 45 1.0
1265 45 1.0
1306 46 1.0
1295 46 1.0
1330 47 1.0
1325 47 1.0
1347 48 1.0
1357 48 1.0
1372 49 1.0
1402 50 1.0
1410 50 1.0
1423 50 1.0
1403 50 1.0
1436 51 1.0
1453 51 1.0
1458 52 1.0
1461 52 1.0
1467 52 1.0
1495 53 1.0
1488 53 1.0
1497 53 1.0
1523 54 1.0
1535 54 1.0
1551 55 1.0
1546 55 1.0
1570 56 0.0
1578 56 0.0
1617 57 0.0
1600 57 0.0
1640 58 0.0
1628 58 0.0
1649 58 0.0
1669 59 0.0
1654 59 0.0
1694 60 0.0
1690 60 0.0
1709 61 0.0
1716 61 0.0
1751 62 0.0
1752 62 0.0
1774 63 0.0
1770 63 0.0
1764 63 0.0
1812 64 0.0
1801 64 0.0
1806 64 0.0
1836 65 0.0
1828 65 0.0
1843 65 0.0
1861 66 0.0
1849 66 0.0
1903 67 0.0
1887 67 0.0
1892 67 0.0
1914 68 0.0
1917 68 0.0
1954 69 0.0
1937 69 0.0
1978 70 0.0
1964 70 0.0
1979 70 0.0
1961 70 0.0
1989 71 0.0
1993 71 0.0
2001 71 0.0
2025 72 0.0
2039 72 0.0
2046 73 0.0
2068 73 0.0
2087 74 0.0
2079 74 0.0
2088 74 0.0
2102 75 0.0
2115 75 0.0
2142 76 0.0
2136 76 0.0
2140 76 0.0
2177 77 0.0
2164 77 0.0
2159 77 0.0
2184 78 0.0
2198 78 0.0
2212 79 0.0
2221 79 0.0
2240 80 0.0
2243 80 0.0
2278 81 0.0
2275 81 0.0
2305 82 0.0
2296 82 0.0
2327 83 0.0
2329 83 0.0
2378 84 1.0
2352 84 1.0
2355 84 1.0
2386 85 1.0
2400 85 1.0
2434 86 1.0
2421 86 1.0
2418 86 1.0
2455 87 1.0
2443 87 1.0
2444 87 1.0
2473 88 1.0
2471 88 1.0
2509 89 1.0
2502 89 1.0
2504 89 1.0
2523 90 1.0
2535 90 1.0
2529 90 1.0
2566 91 1.0
2550 91 1.0
2596 92 1.0
2595 92 1.0
2620 93 1.0
2614 93 1.0
2639 94 1.0
2646 94 1.0
2672 95 1.0
2680 95 1.0
2690 96 1.0
2695 96 1.0
2705 96 1.0
2725 97 1.0
2716 97 1.0
2756 98 1.0
2762 98 1.0
2796 99 1.0
2784 99 1.0
2802 100 1.0
2808 100 1.0
2849 101 1.0
2847 101 1.0
2865 102 1.0
2880 102 1.0
2888 103 1.0
2909 103 1.0
2912 104 1.0
2928 104 1.0
2941 105 1.0
2940 105 1.0
2982 106 1.0
2971 106 1.0
3006 107 1.0
3002 107 1.0
3036 108 1.0
3048 108 1.0
3065 109 1.0
3071 109 1.0
3097 110 1.0
3081 110 1.0
3111 111 1.0
3165 113 0.0
3168 113 0.0
3225 115 0.0
3228 115 0.0
3266 116 0.0
3296 117 0.0
3317 118 0.0
3361 120 0.0
3382 120 0.0
3410 121 0.0
3406 121 0.0
3430 122 0.0
3468 123 0.0
3454 123 0.0
3476 124 0.0
3544 126 0.0
3563 127 0.0
3598 128 0.0
3604 128 0.0
3622 129 0.0
3630 129 0.0
3645 130 0.0
3657 130 0.0
3675 131 0.0
3737 133 0.0
3805 135 0.0
3868 138 0.0
3877 138 0.0
3939 140 1.0
3993 142 1.0
4005 143 1.0
4038 144 1.0
4065 145 1.0
4127 147 1.0
4181 149 1.0
4226 150 1.0
4253 151 1.0
275 9 1.0
414 14 1.0
472 16 1.0
543 19 1.0
650 23 1.0
759 27 1.0
814 29 1.0
917 32 1.0
2484 88 1.0
2653 94 1.0
2841 101 1.0
2860 102 1.0
3219 114 0.0
3356 119 0.0
3595 128 0.0
3971 141 1.0
4159 148 1.0
4347 155 1.0
 fin motif
# 6 target:0 c+:17 c-:10 score:10.78071182027518 score+:126.80032110985906 score-:176.3915954831249 nb:6 =l_1c_105 l_1c_113 l_1c_62 l_1c_55 l_1c_121 l_1c_61 
723 25 1.0
2039 72 0.0
2672 95 1.0
3048 108 1.0
38 1 1.0
96 3 1.0
129 4 1.0
167 5 1.0
463 16 1.0
1426 50 1.0
1447 51 1.0
1653 59 0.0
1753 62 0.0
1822 65 0.0
1870 66 0.0
1908 68 0.0
1943 69 0.0
2461 87 1.0
3032 108 1.0
3074 109 1.0
3113 111 1.0
3143 112 0.0
3164 113 0.0
3730 133 0.0
4381 156 1.0
4414 157 1.0
4569 163 1.0
4602 164 1.0
 fin motif
# 7 target:0 c+:123 c-:56 score:10.040553097363272 score+:165.5274610285295 score-:187.6166778427287 nb:2 =l_1c_100 l_1c_75 
146 5 1.0
159 5 1.0
181 6 1.0
334 11 1.0
337 12 1.0
384 13 1.0
389 13 1.0
380 13 1.0
392 14 1.0
424 15 1.0
464 16 1.0
488 17 1.0
514 18 1.0
510 18 1.0
556 19 1.0
544 19 1.0
561 20 1.0
577 20 1.0
566 20 1.0
612 21 1.0
605 21 1.0
619 22 1.0
640 22 1.0
661 23 1.0
644 23 1.0
677 24 1.0
673 24 1.0
687 24 1.0
714 25 1.0
741 26 1.0
768 27 1.0
800 28 1.0
805 28 1.0
807 28 1.0
813 29 1.0
847 30 1.0
851 30 1.0
889 31 1.0
895 31 1.0
911 32 1.0
907 32 1.0
921 32 1.0
936 33 1.0
932 33 1.0
941 33 1.0
974 34 1.0
999 35 1.0
1022 36 1.0
1037 37 1.0
1117 39 1.0
1120 40 1.0
1130 40 1.0
1147 40 1.0
1132 40 1.0
1210 43 1.0
1251 44 1.0
1278 45 1.0
1312 46 1.0
1324 47 1.0
1317 47 1.0
1354 48 1.0
1375 49 1.0
1439 51 1.0
1455 51 1.0
1435 51 1.0
1479 52 1.0
1487 53 1.0
1517 54 1.0
1545 55 1.0
1568 56 0.0
1623 57 0.0
1608 57 0.0
1641 58 0.0
1650 58 0.0
1675 59 0.0
1710 61 0.0
1724 61 0.0
1807 64 0.0
1829 65 0.0
1873 66 0.0
1884 67 0.0
1895 67 0.0
1911 68 0.0
1912 68 0.0
1928 68 0.0
1936 69 0.0
1952 69 0.0
1984 70 0.0
2014 71 0.0
2005 71 0.0
1998 71 0.0
2035 72 0.0
2065 73 0.0
2073 74 0.0
2100 75 0.0
2123 75 0.0
2146 76 0.0
2156 77 0.0
2244 80 0.0
2267 80 0.0
2288 81 0.0
2321 82 0.0
2311 82 0.0
2424 86 1.0
2548 91 1.0
2660 95 1.0
2757 98 1.0
2780 99 1.0
2868 102 1.0
2945 105 1.0
2968 106 1.0
3035 108 1.0
3178 113 0.0
157 5 1.0
505 18 1.0
706 25 1.0
13 0 1.0
41 1 1.0
88 3 1.0
119 4 1.0
177 6 1.0
201 7 1.0
229 8 1.0
276 9 1.0
307 10 1.0
325 11 1.0
365 13 1.0
437 15 1.0
513 18 1.0
522 18 1.0
553 19 1.0
572 20 1.0
713 25 1.0
760 27 1.0
905 32 1.0
902 32 1.0
948 33 1.0
1090 38 1.0
1089 38 1.0
1111 39 1.0
1144 40 1.0
1162 41 1.0
1179 42 1.0
1227 43 1.0
1281 45 1.0
1308 46 1.0
1299 46 1.0
1335 47 1.0
1418 50 1.0
1705 60 0.0
1733 61 0.0
1754 62 0.0
1766 63 0.0
1811 64 0.0
1838 65 0.0
1851 66 0.0
1896 67 0.0
1941 69 0.0
2018 72 0.0
2060 73 0.0
2130 76 0.0
2201 78 0.0
2230 79 0.0
2344 83 0.0
2368 84 1.0
2384 85 1.0
2463 87 1.0
2470 88 1.0
2540 90 1.0
2572 91 1.0
2592 92 1.0
2617 93 1.0
2644 94 1.0
2721 97 1.0
2827 100 1.0
2835 101 1.0
2896 103 1.0
2933 104 1.0
2965 105 1.0
3019 107 1.0
3100 110 1.0
3194 114 0.0
3366 120 0.0
3416 122 0.0
3469 123 0.0
3594 128 0.0
3656 130 0.0
3751 133 0.0
4056 144 1.0
4 0 1.0
18 0 1.0
21 0 1.0
16 0 1.0
32 1 1.0
40 1 1.0
35 1 1.0
34 1 1.0
63 2 1.0
80 2 1.0
104 3 1.0
109 3 1.0
101 3 1.0
123 4 1.0
125 4 1.0
132 4 1.0
114 4 1.0
138 4 1.0
143 5 1.0
140 5 1.0
155 5 1.0
180 6 1.0
174 6 1.0
190 6 1.0
184 6 1.0
176 6 1.0
170 6 1.0
219 7 1.0
206 7 1.0
213 7 1.0
204 7 1.0
244 8 1.0
249 8 1.0
235 8 1.0
267 9 1.0
262 9 1.0
300 10 1.0
298 10 1.0
303 10 1.0
292 10 1.0
326 11 1.0
331 11 1.0
327 11 1.0
322 11 1.0
328 11 1.0
360 12 1.0
356 12 1.0
343 12 1.0
366 13 1.0
368 13 1.0
376 13 1.0
394 14 1.0
405 14 1.0
434 15 1.0
422 15 1.0
454 16 1.0
458 16 1.0
451 16 1.0
473 16 1.0
489 17 1.0
491 17 1.0
494 17 1.0
482 17 1.0
512 18 1.0
507 18 1.0
536 19 1.0
557 19 1.0
535 19 1.0
563 20 1.0
565 20 1.0
584 20 1.0
609 21 1.0
608 21 1.0
618 22 1.0
638 22 1.0
629 22 1.0
663 23 1.0
658 23 1.0
647 23 1.0
696 24 1.0
672 24 1.0
674 24 1.0
679 24 1.0
723 25 1.0
703 25 1.0
708 25 1.0
736 26 1.0
745 26 1.0
738 26 1.0
780 27 1.0
766 27 1.0
796 28 1.0
799 28 1.0
784 28 1.0
786 28 1.0
804 28 1.0
831 29 1.0
828 29 1.0
835 29 1.0
845 30 1.0
867 30 1.0
865 30 1.0
871 31 1.0
875 31 1.0
891 31 1.0
916 32 1.0
906 32 1.0
930 33 1.0
944 33 1.0
927 33 1.0
956 34 1.0
978 34 1.0
953 34 1.0
982 35 1.0
1005 35 1.0
1021 36 1.0
1015 36 1.0
1038 37 1.0
1063 37 1.0
1039 37 1.0
1049 37 1.0
1084 38 1.0
1080 38 1.0
1070 38 1.0
1066 38 1.0
1073 38 1.0
1116 39 1.0
1097 39 1.0
1102 39 1.0
1096 39 1.0
1141 40 1.0
1138 40 1.0
1124 40 1.0
1166 41 1.0
1154 41 1.0
1161 41 1.0
1177 42 1.0
1192 42 1.0
1199 42 1.0
1211 43 1.0
1212 43 1.0
1232 44 1.0
1257 44 1.0
1252 44 1.0
1270 45 1.0
1265 45 1.0
1306 46 1.0
1295 46 1.0
1330 47 1.0
1325 47 1.0
1347 48 1.0
1357 48 1.0
1372 49 1.0
1420 50 1.0
1402 50 1.0
1410 50 1.0
1423 50 1.0
1403 50 1.0
1436 51 1.0
1453 51 1.0
1458 52 1.0
1461 52 1.0
1467 52 1.0
1495 53 1.0
1488 53 1.0
1497 53 1.0
1523 54 1.0
1535 54 1.0
1551 55 1.0
1546 55 1.0
1570 56 0.0
1578 56 0.0
1617 57 0.0
1600 57 0.0
1645 58 0.0
1640 58 0.0
1628 58 0.0
1649 58 0.0
1669 59 0.0
1654 59 0.0
1694 60 0.0
1690 60 0.0
1709 61 0.0
1716 61 0.0
1751 62 0.0
1752 62 0.0
1774 63 0.0
1770 63 0.0
1764 63 0.0
1812 64 0.0
1801 64 0.0
1806 64 0.0
1836 65 0.0
1828 65 0.0
1843 65 0.0
1861 66 0.0
1849 66 0.0
1903 67 0.0
1887 67 0.0
1892 67 0.0
1914 68 0.0
1917 68 0.0
1954 69 0.0
1937 69 0.0
1978 70 0.0
1964 70 0.0
1979 70 0.0
1961 70 0.0
1989 71 0.0
1993 71 0.0
2001 71 0.0
2025 72 0.0
2039 72 0.0
2046 73 0.0
2068 73 0.0
2087 74 0.0
2079 74 0.0
2088 74 0.0
2102 75 0.0
2121 75 0.0
2115 75 0.0
2142 76 0.0
2136 76 0.0
2140 76 0.0
2177 77 0.0
2164 77 0.0
2159 77 0.0
2200 78 0.0
2184 78 0.0
2198 78 0.0
2223 79 0.0
2212 79 0.0
2221 79 0.0
2240 80 0.0
2243 80 0.0
2278 81 0.0
2275 81 0.0
2305 82 0.0
2296 82 0.0
2327 83 0.0
2329 83 0.0
2378 84 1.0
2352 84 1.0
2355 84 1.0
2386 85 1.0
2400 85 1.0
2434 86 1.0
2421 86 1.0
2418 86 1.0
2455 87 1.0
2443 87 1.0
2444 87 1.0
2473 88 1.0
2471 88 1.0
2509 89 1.0
2502 89 1.0
2504 89 1.0
2523 90 1.0
2535 90 1.0
2529 90 1.0
2566 91 1.0
2550 91 1.0
2596 92 1.0
2595 92 1.0
2620 93 1.0
2614 93 1.0
2639 94 1.0
2646 94 1.0
2659 94 1.0
2672 95 1.0
2680 95 1.0
2685 95 1.0
2690 96 1.0
2695 96 1.0
2705 96 1.0
2725 97 1.0
2716 97 1.0
2756 98 1.0
2762 98 1.0
2796 99 1.0
2784 99 1.0
2802 100 1.0
2808 100 1.0
2849 101 1.0
2847 101 1.0
2865 102 1.0
2880 102 1.0
2888 103 1.0
2909 103 1.0
2912 104 1.0
2928 104 1.0
2941 105 1.0
2940 105 1.0
2982 106 1.0
2971 106 1.0
3006 107 1.0
3002 107 1.0
3036 108 1.0
3048 108 1.0
3065 109 1.0
3071 109 1.0
3097 110 1.0
3081 110 1.0
3111 111 1.0
3165 113 0.0
3168 113 0.0
3225 115 0.0
3228 115 0.0
3266 116 0.0
3296 117 0.0
3317 118 0.0
3361 120 0.0
3382 120 0.0
3410 121 0.0
3406 121 0.0
3430 122 0.0
3468 123 0.0
3454 123 0.0
3476 124 0.0
3544 126 0.0
3563 127 0.0
3598 128 0.0
3604 128 0.0
3622 129 0.0
3630 129 0.0
3645 130 0.0
3657 130 0.0
3675 131 0.0
3737 133 0.0
3805 135 0.0
3868 138 0.0
3877 138 0.0
3939 140 1.0
3993 142 1.0
4005 143 1.0
4038 144 1.0
4065 145 1.0
4127 147 1.0
4181 149 1.0
4226 150 1.0
4253 151 1.0
626 22 1.0
689 24 1.0
834 29 1.0
849 30 1.0
1034 36 1.0
1129 40 1.0
1183 42 1.0
1297 46 1.0
1318 47 1.0
1348 48 1.0
1378 49 1.0
1404 50 1.0
1469 52 1.0
1522 54 1.0
1542 55 1.0
1740 62 0.0
1796 64 0.0
1841 65 0.0
2137 76 0.0
2237 79 0.0
2253 80 0.0
2360 84 1.0
2430 86 1.0
2432 86 1.0
2474 88 1.0
2513 89 1.0
2499 89 1.0
2525 90 1.0
2576 92 1.0
2613 93 1.0
2713 96 1.0
2698 96 1.0
2738 97 1.0
3070 109 1.0
3056 109 1.0
3133 111 1.0
3156 112 0.0
1152 41 1.0
1176 42 1.0
1208 43 1.0
1243 44 1.0
1276 45 1.0
1304 46 1.0
1320 47 1.0
1454 51 1.0
1496 53 1.0
1553 55 1.0
1587 56 0.0
1614 57 0.0
1627 58 0.0
1658 59 0.0
1700 60 0.0
1717 61 0.0
1736 62 0.0
1779 63 0.0
1804 64 0.0
1862 66 0.0
1893 67 0.0
1919 68 0.0
1944 69 0.0
1977 70 0.0
1999 71 0.0
2026 72 0.0
2064 73 0.0
2103 75 0.0
2227 79 0.0
2249 80 0.0
2287 81 0.0
2312 82 0.0
2332 83 0.0
2374 84 1.0
2401 85 1.0
2417 86 1.0
2493 89 1.0
2530 90 1.0
2583 92 1.0
2631 93 1.0
2649 94 1.0
2678 95 1.0
2710 96 1.0
2723 97 1.0
2754 98 1.0
2801 100 1.0
2839 101 1.0
2876 102 1.0
2894 103 1.0
2916 104 1.0
2946 105 1.0
2981 106 1.0
3011 107 1.0
3038 108 1.0
3060 109 1.0
3089 110 1.0
3114 111 1.0
3138 112 0.0
3174 113 0.0
3203 114 0.0
3224 115 0.0
3258 116 0.0
3297 117 0.0
3321 118 0.0
3344 119 0.0
3370 120 0.0
3415 121 0.0
3440 122 0.0
3493 124 0.0
3500 125 0.0
3545 126 0.0
3556 127 0.0
3587 128 0.0
3618 129 0.0
3653 130 0.0
3678 131 0.0
3705 132 0.0
3734 133 0.0
3755 134 0.0
3782 135 0.0
3822 136 0.0
3844 137 0.0
3920 140 1.0
3979 142 1.0
4057 144 1.0
4109 146 1.0
4118 147 1.0
4217 150 1.0
4231 151 1.0
4256 152 1.0
4315 154 1.0
4375 156 1.0
4425 158 1.0
4484 160 1.0
4535 161 1.0
4705 168 1.0
4808 171 1.0
4879 174 1.0
1343 47 1.0
1360 48 1.0
1376 49 1.0
1425 50 1.0
1444 51 1.0
1471 52 1.0
1484 53 1.0
1524 54 1.0
1544 55 1.0
1569 56 0.0
1618 57 0.0
1629 58 0.0
1652 59 0.0
1684 60 0.0
1708 61 0.0
1741 62 0.0
1780 63 0.0
1802 64 0.0
1821 65 0.0
1859 66 0.0
1876 67 0.0
1905 68 0.0
1960 70 0.0
1990 71 0.0
2020 72 0.0
2051 73 0.0
2076 74 0.0
2101 75 0.0
2162 77 0.0
2187 78 0.0
2214 79 0.0
2245 80 0.0
2269 81 0.0
2297 82 0.0
2350 83 0.0
2353 84 1.0
2383 85 1.0
2408 86 1.0
2440 87 1.0
2475 88 1.0
2498 89 1.0
2542 90 1.0
2562 91 1.0
2598 92 1.0
2605 93 1.0
2663 95 1.0
2688 96 1.0
2726 97 1.0
2750 98 1.0
2776 99 1.0
2820 100 1.0
2837 101 1.0
2863 102 1.0
2892 103 1.0
2914 104 1.0
2959 105 1.0
2989 106 1.0
3007 107 1.0
3025 108 1.0
3064 109 1.0
3082 110 1.0
3117 111 1.0
3177 113 0.0
3201 114 0.0
3227 115 0.0
3252 116 0.0
3289 117 0.0
3320 118 0.0
3332 119 0.0
3379 120 0.0
3399 121 0.0
3426 122 0.0
3452 123 0.0
3490 124 0.0
3519 125 0.0
3548 126 0.0
3558 127 0.0
3600 128 0.0
3620 129 0.0
3677 131 0.0
3697 132 0.0
3744 133 0.0
3758 134 0.0
3791 135 0.0
3816 136 0.0
3841 137 0.0
3869 138 0.0
3896 139 0.0
3930 140 1.0
3963 141 1.0
3980 142 1.0
4010 143 1.0
4043 144 1.0
4068 145 1.0
4099 146 1.0
4130 147 1.0
4162 148 1.0
4194 149 1.0
4203 150 1.0
4245 151 1.0
4296 153 1.0
4329 154 1.0
4355 155 1.0
4405 157 1.0
4433 158 1.0
4494 160 1.0
4517 161 1.0
4562 162 1.0
4582 163 1.0
4593 164 1.0
4620 165 1.0
4672 166 1.0
4691 167 1.0
4723 168 1.0
4751 169 1.0
4770 170 1.0
4801 171 1.0
4860 173 1.0
4893 174 1.0
4911 175 1.0
4996 178 1.0
5067 180 1.0
5081 181 1.0
5184 185 1.0
5255 187 1.0
 fin motif
# 8 target:0 c+:86 c-:43 score:8.046166395162004 score+:274.5837932184962 score-:301.9407589620471 nb:4 =l_1c_34 l_1c_23 l_1c_113 l_1c_62 
146 5 1.0
159 5 1.0
181 6 1.0
334 11 1.0
337 12 1.0
384 13 1.0
389 13 1.0
380 13 1.0
392 14 1.0
424 15 1.0
464 16 1.0
488 17 1.0
514 18 1.0
510 18 1.0
556 19 1.0
544 19 1.0
561 20 1.0
577 20 1.0
566 20 1.0
612 21 1.0
605 21 1.0
619 22 1.0
640 22 1.0
661 23 1.0
644 23 1.0
677 24 1.0
673 24 1.0
687 24 1.0
714 25 1.0
741 26 1.0
768 27 1.0
800 28 1.0
805 28 1.0
807 28 1.0
813 29 1.0
847 30 1.0
851 30 1.0
889 31 1.0
895 31 1.0
911 32 1.0
907 32 1.0
921 32 1.0
936 33 1.0
932 33 1.0
941 33 1.0
974 34 1.0
999 35 1.0
1022 36 1.0
1037 37 1.0
1117 39 1.0
1120 40 1.0
1130 40 1.0
1147 40 1.0
1132 40 1.0
1210 43 1.0
1251 44 1.0
1278 45 1.0
1312 46 1.0
1324 47 1.0
1317 47 1.0
1354 48 1.0
1375 49 1.0
1439 51 1.0
1455 51 1.0
1435 51 1.0
1479 52 1.0
1487 53 1.0
1517 54 1.0
1545 55 1.0
1568 56 0.0
1623 57 0.0
1608 57 0.0
1641 58 0.0
1650 58 0.0
1675 59 0.0
1710 61 0.0
1724 61 0.0
1807 64 0.0
1829 65 0.0
1873 66 0.0
1884 67 0.0
1895 67 0.0
1911 68 0.0
1912 68 0.0
1928 68 0.0
1936 69 0.0
1952 69 0.0
1984 70 0.0
2014 71 0.0
2005 71 0.0
1998 71 0.0
2035 72 0.0
2065 73 0.0
2073 74 0.0
2100 75 0.0
2123 75 0.0
2146 76 0.0
2156 77 0.0
2244 80 0.0
2267 80 0.0
2288 81 0.0
2321 82 0.0
2311 82 0.0
2424 86 1.0
2548 91 1.0
2660 95 1.0
2757 98 1.0
2780 99 1.0
2868 102 1.0
2945 105 1.0
2968 106 1.0
3035 108 1.0
3178 113 0.0
157 5 1.0
505 18 1.0
706 25 1.0
13 0 1.0
41 1 1.0
88 3 1.0
119 4 1.0
177 6 1.0
201 7 1.0
229 8 1.0
276 9 1.0
307 10 1.0
325 11 1.0
365 13 1.0
437 15 1.0
513 18 1.0
522 18 1.0
553 19 1.0
572 20 1.0
713 25 1.0
760 27 1.0
905 32 1.0
902 32 1.0
948 33 1.0
1090 38 1.0
1089 38 1.0
1111 39 1.0
1144 40 1.0
1162 41 1.0
1179 42 1.0
1227 43 1.0
1281 45 1.0
1308 46 1.0
1299 46 1.0
1335 47 1.0
1418 50 1.0
1705 60 0.0
1733 61 0.0
1754 62 0.0
1766 63 0.0
1811 64 0.0
1838 65 0.0
1851 66 0.0
1896 67 0.0
1941 69 0.0
2018 72 0.0
2060 73 0.0
2130 76 0.0
2201 78 0.0
2230 79 0.0
2344 83 0.0
2368 84 1.0
2384 85 1.0
2463 87 1.0
2470 88 1.0
2540 90 1.0
2572 91 1.0
2592 92 1.0
2617 93 1.0
2644 94 1.0
2721 97 1.0
2827 100 1.0
2835 101 1.0
2896 103 1.0
2933 104 1.0
2965 105 1.0
3019 107 1.0
3100 110 1.0
3194 114 0.0
3366 120 0.0
3416 122 0.0
3469 123 0.0
3594 128 0.0
3656 130 0.0
3751 133 0.0
4056 144 1.0
626 22 1.0
689 24 1.0
834 29 1.0
849 30 1.0
1034 36 1.0
1129 40 1.0
1183 42 1.0
1297 46 1.0
1318 47 1.0
1348 48 1.0
1378 49 1.0
1404 50 1.0
1469 52 1.0
1522 54 1.0
1542 55 1.0
1740 62 0.0
1796 64 0.0
1841 65 0.0
2137 76 0.0
2237 79 0.0
2253 80 0.0
2360 84 1.0
2430 86 1.0
2432 86 1.0
2474 88 1.0
2513 89 1.0
2499 89 1.0
2525 90 1.0
2576 92 1.0
2613 93 1.0
2713 96 1.0
2698 96 1.0
2738 97 1.0
3070 109 1.0
3056 109 1.0
3133 111 1.0
3156 112 0.0
401 14 1.0
517 18 1.0
533 19 1.0
639 22 1.0
698 24 1.0
704 25 1.0
884 31 1.0
926 33 1.0
1072 38 1.0
1114 39 1.0
1271 45 1.0
1302 46 1.0
1448 51 1.0
1456 52 1.0
1465 52 1.0
1490 53 1.0
1536 54 1.0
1566 55 1.0
1767 63 0.0
1824 65 0.0
1833 65 0.0
1826 65 0.0
1866 66 0.0
2023 72 0.0
2021 72 0.0
2054 73 0.0
2242 80 0.0
2281 81 0.0
2309 82 0.0
2325 83 0.0
2388 85 1.0
2497 89 1.0
2618 93 1.0
2764 98 1.0
2773 99 1.0
2806 100 1.0
2952 105 1.0
2994 106 1.0
3068 109 1.0
3149 112 0.0
3182 113 0.0
3249 116 0.0
3437 122 0.0
3704 132 0.0
3934 140 1.0
38 1 1.0
96 3 1.0
129 4 1.0
167 5 1.0
195 6 1.0
226 8 1.0
284 10 1.0
320 11 1.0
317 11 1.0
355 12 1.0
362 12 1.0
429 15 1.0
518 18 1.0
508 18 1.0
550 19 1.0
571 20 1.0
642 22 1.0
729 26 1.0
830 29 1.0
893 31 1.0
1081 38 1.0
1206 43 1.0
1238 44 1.0
1269 45 1.0
1394 49 1.0
1457 52 1.0
1636 58 0.0
1678 59 0.0
1745 62 0.0
1933 69 0.0
2012 71 0.0
2334 83 0.0
2342 83 0.0
2397 85 1.0
2522 90 1.0
2585 92 1.0
2873 102 1.0
3061 109 1.0
3629 129 0.0
3662 130 0.0
3817 136 0.0
3850 137 0.0
3892 139 0.0
4122 147 1.0
 fin motif
