# 0 target:0 c+:51 c-:49 score:98.38031635951016 score+:1337.9723024893376 score-:3030.113743872912 nb:27 =l_0c_15 l_0c_75 l_0c_76 l_0c_74 l_0c_53 l_0c_93 l_0c_115 l_0c_96 l_0c_27 l_0c_56 l_0c_41 l_0c_109 l_0c_46 l_0c_17 l_0c_31 l_0c_49 l_0c_80 l_0c_71 l_0c_19 l_0c_107 l_0c_82 l_0c_34 l_0c_79 l_0c_61 l_0c_86 l_0c_92 l_0c_8 
1152 41 1.0
1176 42 1.0
1208 43 1.0
1243 44 1.0
1276 45 1.0
1304 46 1.0
1320 47 1.0
1454 51 1.0
1469 52 1.0
1496 53 1.0
1553 55 1.0
1587 56 0.0
1614 57 0.0
1627 58 0.0
1658 59 0.0
1700 60 0.0
1717 61 0.0
1736 62 0.0
1779 63 0.0
1804 64 0.0
1841 65 0.0
1862 66 0.0
1893 67 0.0
1919 68 0.0
1944 69 0.0
1977 70 0.0
1999 71 0.0
2026 72 0.0
2064 73 0.0
2103 75 0.0
2227 79 0.0
2249 80 0.0
2287 81 0.0
2312 82 0.0
2332 83 0.0
2374 84 1.0
2401 85 1.0
2417 86 1.0
2493 89 1.0
2530 90 1.0
2583 92 1.0
2631 93 1.0
2649 94 1.0
2678 95 1.0
2710 96 1.0
2723 97 1.0
2754 98 1.0
2801 100 1.0
2839 101 1.0
2876 102 1.0
2894 103 1.0
2916 104 1.0
2946 105 1.0
2981 106 1.0
3011 107 1.0
3038 108 1.0
3060 109 1.0
3089 110 1.0
3114 111 1.0
3138 112 0.0
3174 113 0.0
3203 114 0.0
3224 115 0.0
3258 116 0.0
3297 117 0.0
3321 118 0.0
3344 119 0.0
3370 120 0.0
3415 121 0.0
3440 122 0.0
3493 124 0.0
3500 125 0.0
3545 126 0.0
3556 127 0.0
3587 128 0.0
3618 129 0.0
3653 130 0.0
3678 131 0.0
3705 132 0.0
3734 133 0.0
3755 134 0.0
3782 135 0.0
3822 136 0.0
3844 137 0.0
3920 140 1.0
3979 142 1.0
4057 144 1.0
4109 146 1.0
4118 147 1.0
4217 150 1.0
4231 151 1.0
4256 152 1.0
4315 154 1.0
4375 156 1.0
4425 158 1.0
4484 160 1.0
4535 161 1.0
4705 168 1.0
4808 171 1.0
4879 174 1.0
 fin motif
# 1 target:0 c+:74 c-:53 score:84.39907779046177 score+:2182.8721032508547 score-:3685.175687921074 nb:28 =l_0c_113 l_0c_75 l_0c_76 l_0c_74 l_0c_109 l_0c_53 l_0c_93 l_0c_115 l_0c_96 l_0c_46 l_0c_17 l_0c_31 l_0c_27 l_0c_87 l_0c_100 l_0c_45 l_0c_66 l_0c_108 l_0c_83 l_0c_85 l_0c_99 l_0c_20 l_0c_41 l_0c_12 l_0c_56 l_0c_15 l_0c_24 l_0c_9 
1343 47 1.0
1360 48 1.0
1376 49 1.0
1425 50 1.0
1444 51 1.0
1471 52 1.0
1484 53 1.0
1524 54 1.0
1544 55 1.0
1569 56 0.0
1618 57 0.0
1629 58 0.0
1652 59 0.0
1684 60 0.0
1708 61 0.0
1741 62 0.0
1780 63 0.0
1802 64 0.0
1821 65 0.0
1859 66 0.0
1876 67 0.0
1905 68 0.0
1960 70 0.0
1990 71 0.0
2020 72 0.0
2051 73 0.0
2076 74 0.0
2101 75 0.0
2132 76 0.0
2162 77 0.0
2187 78 0.0
2214 79 0.0
2245 80 0.0
2269 81 0.0
2297 82 0.0
2350 83 0.0
2353 84 1.0
2383 85 1.0
2408 86 1.0
2440 87 1.0
2475 88 1.0
2498 89 1.0
2542 90 1.0
2562 91 1.0
2598 92 1.0
2605 93 1.0
2663 95 1.0
2688 96 1.0
2726 97 1.0
2750 98 1.0
2776 99 1.0
2820 100 1.0
2837 101 1.0
2863 102 1.0
2892 103 1.0
2914 104 1.0
2959 105 1.0
2989 106 1.0
3007 107 1.0
3025 108 1.0
3064 109 1.0
3082 110 1.0
3117 111 1.0
3177 113 0.0
3201 114 0.0
3227 115 0.0
3252 116 0.0
3289 117 0.0
3320 118 0.0
3332 119 0.0
3379 120 0.0
3399 121 0.0
3426 122 0.0
3452 123 0.0
3490 124 0.0
3519 125 0.0
3548 126 0.0
3558 127 0.0
3600 128 0.0
3620 129 0.0
3677 131 0.0
3697 132 0.0
3744 133 0.0
3758 134 0.0
3791 135 0.0
3816 136 0.0
3841 137 0.0
3869 138 0.0
3896 139 0.0
3930 140 1.0
3963 141 1.0
3980 142 1.0
4010 143 1.0
4043 144 1.0
4068 145 1.0
4099 146 1.0
4130 147 1.0
4162 148 1.0
4194 149 1.0
4203 150 1.0
4245 151 1.0
4296 153 1.0
4329 154 1.0
4355 155 1.0
4405 157 1.0
4433 158 1.0
4494 160 1.0
4517 161 1.0
4562 162 1.0
4582 163 1.0
4593 164 1.0
4620 165 1.0
4672 166 1.0
4691 167 1.0
4723 168 1.0
4751 169 1.0
4770 170 1.0
4801 171 1.0
4860 173 1.0
4893 174 1.0
4911 175 1.0
4996 178 1.0
5067 180 1.0
5081 181 1.0
5184 185 1.0
5255 187 1.0
1093 39 1.0
2384 85 1.0
2572 91 1.0
 fin motif
# 2 target:0 c+:96 c-:51 score:37.59127415651113 score+:572.4404701991458 score-:722.8055668251903 nb:5 =l_0c_36 l_0c_114 l_0c_120 l_0c_4 l_0c_0 
9 0 1.0
35 1 1.0
77 2 1.0
87 3 1.0
122 4 1.0
165 5 1.0
142 5 1.0
174 6 1.0
181 6 1.0
382 13 1.0
411 14 1.0
422 15 1.0
477 17 1.0
535 19 1.0
584 20 1.0
609 21 1.0
629 22 1.0
658 23 1.0
680 24 1.0
726 25 1.0
738 26 1.0
781 27 1.0
799 28 1.0
837 29 1.0
866 30 1.0
875 31 1.0
913 32 1.0
927 33 1.0
999 35 1.0
1030 36 1.0
1057 37 1.0
1073 38 1.0
1102 39 1.0
1137 40 1.0
1154 41 1.0
1199 42 1.0
1212 43 1.0
1252 44 1.0
1282 45 1.0
1325 47 1.0
1350 48 1.0
1412 50 1.0
1436 51 1.0
1467 52 1.0
1523 54 1.0
1568 56 0.0
1600 57 0.0
1628 58 0.0
1699 60 0.0
1716 61 0.0
1752 62 0.0
1812 64 0.0
1843 65 0.0
1849 66 0.0
1887 67 0.0
1911 68 0.0
1936 69 0.0
1978 70 0.0
2001 71 0.0
2037 72 0.0
2073 74 0.0
2115 75 0.0
2144 76 0.0
2159 77 0.0
2200 78 0.0
2229 79 0.0
2240 80 0.0
2329 83 0.0
2378 84 1.0
2389 85 1.0
2418 86 1.0
2444 87 1.0
2473 88 1.0
2502 89 1.0
2529 90 1.0
2566 91 1.0
2595 92 1.0
2651 94 1.0
2685 95 1.0
2705 96 1.0
2716 97 1.0
2758 98 1.0
2780 99 1.0
2841 101 1.0
2860 102 1.0
2888 103 1.0
2940 105 1.0
2971 106 1.0
3015 107 1.0
3036 108 1.0
3065 109 1.0
3165 113 0.0
3382 120 0.0
3406 121 0.0
3468 123 0.0
3604 128 0.0
3630 129 0.0
3645 130 0.0
16 0 1.0
80 2 1.0
109 3 1.0
125 4 1.0
140 5 1.0
176 6 1.0
197 7 1.0
206 7 1.0
235 8 1.0
267 9 1.0
292 10 1.0
327 11 1.0
343 12 1.0
376 13 1.0
414 14 1.0
394 14 1.0
434 15 1.0
454 16 1.0
472 16 1.0
482 17 1.0
512 18 1.0
543 19 1.0
565 20 1.0
618 22 1.0
647 23 1.0
672 24 1.0
703 25 1.0
745 26 1.0
759 27 1.0
766 27 1.0
814 29 1.0
831 29 1.0
845 30 1.0
891 31 1.0
916 32 1.0
930 33 1.0
978 34 1.0
982 35 1.0
1021 36 1.0
1038 37 1.0
1070 38 1.0
1096 39 1.0
1141 40 1.0
1232 44 1.0
1270 45 1.0
1306 46 1.0
1347 48 1.0
1372 49 1.0
1410 50 1.0
1453 51 1.0
1461 52 1.0
1488 53 1.0
1546 55 1.0
1570 56 0.0
1640 58 0.0
1669 59 0.0
1690 60 0.0
1774 63 0.0
1801 64 0.0
1828 65 0.0
1861 66 0.0
1892 67 0.0
1914 68 0.0
1937 69 0.0
1961 70 0.0
1989 71 0.0
2027 72 0.0
2046 73 0.0
2087 74 0.0
2142 76 0.0
2164 77 0.0
2198 78 0.0
2221 79 0.0
2243 80 0.0
2278 81 0.0
2318 82 0.0
2296 82 0.0
2400 85 1.0
2421 86 1.0
2443 87 1.0
2484 88 1.0
2596 92 1.0
2614 93 1.0
2646 94 1.0
2677 95 1.0
2690 96 1.0
2756 98 1.0
2784 99 1.0
2808 100 1.0
2928 104 1.0
2941 105 1.0
2982 106 1.0
3002 107 1.0
3031 108 1.0
3097 110 1.0
3111 111 1.0
3168 113 0.0
3219 114 0.0
3225 115 0.0
3266 116 0.0
3296 117 0.0
3317 118 0.0
3356 119 0.0
3361 120 0.0
3410 121 0.0
3430 122 0.0
3454 123 0.0
3476 124 0.0
3544 126 0.0
3563 127 0.0
3595 128 0.0
3622 129 0.0
3675 131 0.0
3737 133 0.0
3805 135 0.0
3877 138 0.0
3939 140 1.0
3971 141 1.0
3993 142 1.0
4005 143 1.0
4038 144 1.0
4065 145 1.0
4127 147 1.0
4159 148 1.0
4181 149 1.0
4226 150 1.0
4253 151 1.0
4347 155 1.0
401 14 1.0
517 18 1.0
639 22 1.0
698 24 1.0
704 25 1.0
884 31 1.0
926 33 1.0
1078 38 1.0
1114 39 1.0
1833 65 0.0
2021 72 0.0
2242 80 0.0
2309 82 0.0
2388 85 1.0
2497 89 1.0
2618 93 1.0
2692 96 1.0
2764 98 1.0
2806 100 1.0
1271 45 1.0
1302 46 1.0
1448 51 1.0
1456 52 1.0
1490 53 1.0
1767 63 0.0
1826 65 0.0
2023 72 0.0
2281 81 0.0
2773 99 1.0
2952 105 1.0
2994 106 1.0
3068 109 1.0
3149 112 0.0
3182 113 0.0
3249 116 0.0
3437 122 0.0
3704 132 0.0
3934 140 1.0
723 25 1.0
2653 94 1.0
2672 95 1.0
3029 108 1.0
2039 72 0.0
3048 108 1.0
 fin motif
# 3 target:0 c+:96 c-:52 score:34.25208873256135 score+:533.7932045843745 score-:691.3528127541567 nb:6 =l_0c_14 l_0c_92 l_0c_88 l_0c_50 l_0c_38 l_0c_110 
9 0 1.0
35 1 1.0
77 2 1.0
87 3 1.0
122 4 1.0
165 5 1.0
142 5 1.0
174 6 1.0
181 6 1.0
382 13 1.0
411 14 1.0
422 15 1.0
477 17 1.0
535 19 1.0
584 20 1.0
609 21 1.0
629 22 1.0
658 23 1.0
680 24 1.0
726 25 1.0
738 26 1.0
781 27 1.0
799 28 1.0
837 29 1.0
866 30 1.0
875 31 1.0
913 32 1.0
927 33 1.0
999 35 1.0
1030 36 1.0
1057 37 1.0
1073 38 1.0
1102 39 1.0
1137 40 1.0
1154 41 1.0
1199 42 1.0
1212 43 1.0
1252 44 1.0
1282 45 1.0
1325 47 1.0
1350 48 1.0
1412 50 1.0
1436 51 1.0
1467 52 1.0
1523 54 1.0
1568 56 0.0
1600 57 0.0
1628 58 0.0
1699 60 0.0
1716 61 0.0
1752 62 0.0
1812 64 0.0
1843 65 0.0
1849 66 0.0
1887 67 0.0
1911 68 0.0
1936 69 0.0
1978 70 0.0
2001 71 0.0
2037 72 0.0
2073 74 0.0
2115 75 0.0
2144 76 0.0
2159 77 0.0
2200 78 0.0
2229 79 0.0
2240 80 0.0
2329 83 0.0
2378 84 1.0
2389 85 1.0
2418 86 1.0
2444 87 1.0
2473 88 1.0
2502 89 1.0
2529 90 1.0
2566 91 1.0
2595 92 1.0
2651 94 1.0
2685 95 1.0
2705 96 1.0
2716 97 1.0
2758 98 1.0
2780 99 1.0
2841 101 1.0
2860 102 1.0
2888 103 1.0
2940 105 1.0
2971 106 1.0
3015 107 1.0
3036 108 1.0
3065 109 1.0
3165 113 0.0
3382 120 0.0
3406 121 0.0
3468 123 0.0
3604 128 0.0
3630 129 0.0
3645 130 0.0
16 0 1.0
80 2 1.0
109 3 1.0
125 4 1.0
140 5 1.0
176 6 1.0
197 7 1.0
206 7 1.0
226 8 1.0
235 8 1.0
267 9 1.0
275 9 1.0
292 10 1.0
284 10 1.0
317 11 1.0
320 11 1.0
327 11 1.0
330 11 1.0
355 12 1.0
343 12 1.0
362 12 1.0
376 13 1.0
414 14 1.0
394 14 1.0
434 15 1.0
429 15 1.0
454 16 1.0
472 16 1.0
482 17 1.0
512 18 1.0
505 18 1.0
518 18 1.0
550 19 1.0
543 19 1.0
571 20 1.0
565 20 1.0
642 22 1.0
626 22 1.0
625 22 1.0
618 22 1.0
647 23 1.0
650 23 1.0
672 24 1.0
703 25 1.0
706 25 1.0
729 26 1.0
745 26 1.0
759 27 1.0
766 27 1.0
814 29 1.0
831 29 1.0
830 29 1.0
845 30 1.0
893 31 1.0
891 31 1.0
917 32 1.0
916 32 1.0
930 33 1.0
978 34 1.0
982 35 1.0
1021 36 1.0
1038 37 1.0
1070 38 1.0
1081 38 1.0
1098 39 1.0
1096 39 1.0
1141 40 1.0
1229 43 1.0
1206 43 1.0
1232 44 1.0
1270 45 1.0
1269 45 1.0
1306 46 1.0
1347 48 1.0
1372 49 1.0
1394 49 1.0
1410 50 1.0
1453 51 1.0
1457 52 1.0
1461 52 1.0
1488 53 1.0
1546 55 1.0
1570 56 0.0
1636 58 0.0
1640 58 0.0
1634 58 0.0
1678 59 0.0
1669 59 0.0
1690 60 0.0
1682 60 0.0
1720 61 0.0
1755 62 0.0
1745 62 0.0
1774 63 0.0
1801 64 0.0
1828 65 0.0
1824 65 0.0
1861 66 0.0
1866 66 0.0
1892 67 0.0
1914 68 0.0
1933 69 0.0
1937 69 0.0
1961 70 0.0
2012 71 0.0
1989 71 0.0
2027 72 0.0
2046 73 0.0
2054 73 0.0
2087 74 0.0
2154 76 0.0
2142 76 0.0
2164 77 0.0
2198 78 0.0
2221 79 0.0
2243 80 0.0
2278 81 0.0
2273 81 0.0
2318 82 0.0
2296 82 0.0
2334 83 0.0
2342 83 0.0
2397 85 1.0
2400 85 1.0
2421 86 1.0
2412 86 1.0
2443 87 1.0
2484 88 1.0
2522 90 1.0
2596 92 1.0
2585 92 1.0
2614 93 1.0
2646 94 1.0
2656 94 1.0
2677 95 1.0
2690 96 1.0
2698 96 1.0
2756 98 1.0
2784 99 1.0
2808 100 1.0
2873 102 1.0
2925 104 1.0
2928 104 1.0
2941 105 1.0
2982 106 1.0
3002 107 1.0
3031 108 1.0
3061 109 1.0
3097 110 1.0
3111 111 1.0
3168 113 0.0
3219 114 0.0
3225 115 0.0
3266 116 0.0
3296 117 0.0
3317 118 0.0
3356 119 0.0
3361 120 0.0
3410 121 0.0
3430 122 0.0
3454 123 0.0
3476 124 0.0
3544 126 0.0
3563 127 0.0
3595 128 0.0
3629 129 0.0
3622 129 0.0
3662 130 0.0
3675 131 0.0
3737 133 0.0
3805 135 0.0
3817 136 0.0
3850 137 0.0
3877 138 0.0
3892 139 0.0
3939 140 1.0
3971 141 1.0
3993 142 1.0
4005 143 1.0
4038 144 1.0
4065 145 1.0
4127 147 1.0
4122 147 1.0
4159 148 1.0
4181 149 1.0
4226 150 1.0
4253 151 1.0
4347 155 1.0
380 13 1.0
491 17 1.0
510 18 1.0
544 19 1.0
687 24 1.0
723 25 1.0
944 33 1.0
1063 37 1.0
1124 40 1.0
2659 94 1.0
2653 94 1.0
2672 95 1.0
3029 108 1.0
2039 72 0.0
3048 108 1.0
 fin motif
# 4 target:0 c+:19 c-:15 score:26.75082078976412 score+:264.20360279864775 score-:483.5603332747135 nb:12 =l_0c_57 l_0c_53 l_0c_27 l_0c_34 l_0c_43 l_0c_49 l_0c_88 l_0c_74 l_0c_93 l_0c_115 l_0c_61 l_0c_46 
383 13 1.0
463 16 1.0
533 19 1.0
1417 50 1.0
1536 54 1.0
1566 55 1.0
1753 62 0.0
1822 65 0.0
1870 66 0.0
1908 68 0.0
1943 69 0.0
2325 83 0.0
2461 87 1.0
3032 108 1.0
3074 109 1.0
3113 111 1.0
3143 112 0.0
3164 113 0.0
3730 133 0.0
4381 156 1.0
4414 157 1.0
4569 163 1.0
4602 164 1.0
1132 40 1.0
1251 44 1.0
1312 46 1.0
1439 51 1.0
1807 64 0.0
1884 67 0.0
1912 68 0.0
2014 71 0.0
2100 75 0.0
2288 81 0.0
2424 86 1.0
3035 108 1.0
1724 61 0.0
 fin motif
# 5 target:0 c+:96 c-:49 score:21.971066865023857 score+:906.7331456793423 score-:1073.7132538535236 nb:11 =l_0c_18 l_0c_92 l_0c_44 l_0c_5 l_0c_78 l_0c_102 l_0c_55 l_0c_118 l_0c_104 l_0c_10 l_0c_111 
234 8 1.0
289 10 1.0
329 11 1.0
347 12 1.0
389 13 1.0
407 14 1.0
432 15 1.0
450 16 1.0
464 16 1.0
486 17 1.0
495 17 1.0
516 18 1.0
548 19 1.0
568 20 1.0
580 20 1.0
589 21 1.0
636 22 1.0
659 23 1.0
676 24 1.0
707 25 1.0
732 26 1.0
770 27 1.0
811 28 1.0
827 29 1.0
817 29 1.0
856 30 1.0
885 31 1.0
914 32 1.0
928 33 1.0
968 34 1.0
980 35 1.0
1023 36 1.0
1054 37 1.0
1089 38 1.0
1074 38 1.0
1099 39 1.0
1107 39 1.0
1125 40 1.0
1179 42 1.0
1215 43 1.0
1236 44 1.0
1267 45 1.0
1307 46 1.0
1326 47 1.0
1363 48 1.0
1380 49 1.0
1418 50 1.0
1440 51 1.0
1466 52 1.0
1506 53 1.0
1521 54 1.0
1563 55 1.0
1590 56 0.0
1610 57 0.0
1624 58 0.0
1655 59 0.0
1691 60 0.0
1729 61 0.0
1748 62 0.0
1766 63 0.0
1805 64 0.0
1837 65 0.0
1869 66 0.0
1885 67 0.0
1915 68 0.0
1957 69 0.0
1981 70 0.0
2002 71 0.0
2024 72 0.0
2052 73 0.0
2099 74 0.0
2104 75 0.0
2139 76 0.0
2167 77 0.0
2201 78 0.0
2230 79 0.0
2256 80 0.0
2276 81 0.0
2299 82 0.0
2324 83 0.0
2357 84 1.0
2382 85 1.0
2430 86 1.0
2463 87 1.0
2474 88 1.0
2470 88 1.0
2510 89 1.0
2540 90 1.0
2525 90 1.0
2574 91 1.0
2564 91 1.0
2576 92 1.0
2592 92 1.0
2617 93 1.0
2644 94 1.0
2674 95 1.0
2713 96 1.0
2721 97 1.0
2748 98 1.0
2783 99 1.0
2827 100 1.0
2848 101 1.0
2835 101 1.0
2883 102 1.0
2893 103 1.0
2926 104 1.0
2927 104 1.0
2956 105 1.0
2977 106 1.0
3003 107 1.0
3100 110 1.0
3184 113 0.0
3194 114 0.0
3366 120 0.0
3416 122 0.0
3469 123 0.0
3594 128 0.0
3656 130 0.0
3751 133 0.0
4056 144 1.0
9 0 1.0
35 1 1.0
77 2 1.0
87 3 1.0
122 4 1.0
165 5 1.0
142 5 1.0
174 6 1.0
181 6 1.0
382 13 1.0
411 14 1.0
422 15 1.0
477 17 1.0
535 19 1.0
584 20 1.0
609 21 1.0
629 22 1.0
658 23 1.0
680 24 1.0
726 25 1.0
738 26 1.0
781 27 1.0
799 28 1.0
837 29 1.0
866 30 1.0
875 31 1.0
913 32 1.0
927 33 1.0
999 35 1.0
1030 36 1.0
1057 37 1.0
1073 38 1.0
1102 39 1.0
1137 40 1.0
1154 41 1.0
1199 42 1.0
1212 43 1.0
1252 44 1.0
1282 45 1.0
1325 47 1.0
1350 48 1.0
1412 50 1.0
1436 51 1.0
1467 52 1.0
1523 54 1.0
1568 56 0.0
1600 57 0.0
1628 58 0.0
1699 60 0.0
1716 61 0.0
1752 62 0.0
1812 64 0.0
1843 65 0.0
1849 66 0.0
1887 67 0.0
1911 68 0.0
1936 69 0.0
1978 70 0.0
2001 71 0.0
2037 72 0.0
2073 74 0.0
2115 75 0.0
2144 76 0.0
2159 77 0.0
2200 78 0.0
2229 79 0.0
2240 80 0.0
2329 83 0.0
2378 84 1.0
2389 85 1.0
2418 86 1.0
2444 87 1.0
2473 88 1.0
2502 89 1.0
2529 90 1.0
2566 91 1.0
2595 92 1.0
2651 94 1.0
2685 95 1.0
2705 96 1.0
2716 97 1.0
2758 98 1.0
2780 99 1.0
2841 101 1.0
2860 102 1.0
2888 103 1.0
2940 105 1.0
2971 106 1.0
3015 107 1.0
3036 108 1.0
3065 109 1.0
3165 113 0.0
3382 120 0.0
3406 121 0.0
3468 123 0.0
3604 128 0.0
3630 129 0.0
3645 130 0.0
16 0 1.0
80 2 1.0
109 3 1.0
125 4 1.0
140 5 1.0
176 6 1.0
197 7 1.0
206 7 1.0
235 8 1.0
267 9 1.0
292 10 1.0
320 11 1.0
327 11 1.0
343 12 1.0
362 12 1.0
376 13 1.0
414 14 1.0
394 14 1.0
434 15 1.0
429 15 1.0
454 16 1.0
472 16 1.0
482 17 1.0
512 18 1.0
505 18 1.0
550 19 1.0
543 19 1.0
565 20 1.0
642 22 1.0
618 22 1.0
647 23 1.0
650 23 1.0
672 24 1.0
703 25 1.0
706 25 1.0
745 26 1.0
759 27 1.0
766 27 1.0
814 29 1.0
831 29 1.0
830 29 1.0
845 30 1.0
893 31 1.0
891 31 1.0
917 32 1.0
916 32 1.0
930 33 1.0
978 34 1.0
982 35 1.0
1021 36 1.0
1038 37 1.0
1070 38 1.0
1081 38 1.0
1096 39 1.0
1141 40 1.0
1232 44 1.0
1270 45 1.0
1306 46 1.0
1347 48 1.0
1372 49 1.0
1394 49 1.0
1410 50 1.0
1453 51 1.0
1457 52 1.0
1461 52 1.0
1488 53 1.0
1546 55 1.0
1570 56 0.0
1640 58 0.0
1669 59 0.0
1690 60 0.0
1774 63 0.0
1801 64 0.0
1828 65 0.0
1824 65 0.0
1861 66 0.0
1866 66 0.0
1892 67 0.0
1914 68 0.0
1933 69 0.0
1937 69 0.0
1961 70 0.0
2012 71 0.0
1989 71 0.0
2027 72 0.0
2046 73 0.0
2054 73 0.0
2087 74 0.0
2154 76 0.0
2142 76 0.0
2164 77 0.0
2198 78 0.0
2221 79 0.0
2243 80 0.0
2278 81 0.0
2318 82 0.0
2296 82 0.0
2334 83 0.0
2397 85 1.0
2400 85 1.0
2421 86 1.0
2443 87 1.0
2484 88 1.0
2596 92 1.0
2614 93 1.0
2646 94 1.0
2677 95 1.0
2690 96 1.0
2756 98 1.0
2784 99 1.0
2808 100 1.0
2873 102 1.0
2928 104 1.0
2941 105 1.0
2982 106 1.0
3002 107 1.0
3031 108 1.0
3097 110 1.0
3111 111 1.0
3168 113 0.0
3219 114 0.0
3225 115 0.0
3266 116 0.0
3296 117 0.0
3317 118 0.0
3356 119 0.0
3361 120 0.0
3410 121 0.0
3430 122 0.0
3454 123 0.0
3476 124 0.0
3544 126 0.0
3563 127 0.0
3595 128 0.0
3622 129 0.0
3675 131 0.0
3737 133 0.0
3805 135 0.0
3877 138 0.0
3939 140 1.0
3971 141 1.0
3993 142 1.0
4005 143 1.0
4038 144 1.0
4065 145 1.0
4127 147 1.0
4159 148 1.0
4181 149 1.0
4226 150 1.0
4253 151 1.0
4347 155 1.0
1078 38 1.0
2692 96 1.0
380 13 1.0
491 17 1.0
510 18 1.0
544 19 1.0
687 24 1.0
723 25 1.0
944 33 1.0
1063 37 1.0
1124 40 1.0
2659 94 1.0
2653 94 1.0
2672 95 1.0
3029 108 1.0
2039 72 0.0
3048 108 1.0
 fin motif
# 6 target:0 c+:16 c-:12 score:20.924637727097345 score+:318.503290170691 score-:577.968797986698 nb:19 =l_0c_7 l_0c_109 l_0c_46 l_0c_45 l_0c_30 l_0c_20 l_0c_89 l_0c_91 l_0c_75 l_0c_76 l_0c_53 l_0c_27 l_0c_87 l_0c_100 l_0c_12 l_0c_42 l_0c_25 l_0c_80 l_0c_60 
849 30 1.0
941 33 1.0
1037 37 1.0
1130 40 1.0
1354 48 1.0
1608 57 0.0
1710 61 0.0
2035 72 0.0
2065 73 0.0
2548 91 1.0
1271 45 1.0
1302 46 1.0
1448 51 1.0
1456 52 1.0
1490 53 1.0
1767 63 0.0
1826 65 0.0
2023 72 0.0
2281 81 0.0
2773 99 1.0
2952 105 1.0
2994 106 1.0
3068 109 1.0
3149 112 0.0
3182 113 0.0
3249 116 0.0
3437 122 0.0
3704 132 0.0
3934 140 1.0
 fin motif
# 7 target:0 c+:96 c-:53 score:20.07121231953313 score+:328.2665271050367 score-:420.5941037748891 nb:6 =l_0c_3 l_0c_60 l_0c_80 l_0c_71 l_0c_8 l_0c_116 
234 8 1.0
289 10 1.0
329 11 1.0
347 12 1.0
384 13 1.0
389 13 1.0
407 14 1.0
392 14 1.0
432 15 1.0
437 15 1.0
450 16 1.0
464 16 1.0
486 17 1.0
488 17 1.0
495 17 1.0
516 18 1.0
514 18 1.0
548 19 1.0
556 19 1.0
568 20 1.0
580 20 1.0
561 20 1.0
589 21 1.0
612 21 1.0
640 22 1.0
636 22 1.0
646 23 1.0
659 23 1.0
676 24 1.0
677 24 1.0
701 25 1.0
707 25 1.0
741 26 1.0
732 26 1.0
768 27 1.0
770 27 1.0
807 28 1.0
811 28 1.0
827 29 1.0
817 29 1.0
856 30 1.0
851 30 1.0
885 31 1.0
909 32 1.0
914 32 1.0
911 32 1.0
928 33 1.0
974 34 1.0
972 34 1.0
968 34 1.0
980 35 1.0
1022 36 1.0
1023 36 1.0
1054 37 1.0
1089 38 1.0
1074 38 1.0
1099 39 1.0
1107 39 1.0
1117 39 1.0
1125 40 1.0
1120 40 1.0
1179 42 1.0
1215 43 1.0
1236 44 1.0
1267 45 1.0
1277 45 1.0
1278 45 1.0
1307 46 1.0
1326 47 1.0
1317 47 1.0
1371 48 1.0
1363 48 1.0
1380 49 1.0
1418 50 1.0
1440 51 1.0
1466 52 1.0
1485 53 1.0
1506 53 1.0
1521 54 1.0
1545 55 1.0
1563 55 1.0
1590 56 0.0
1610 57 0.0
1650 58 0.0
1624 58 0.0
1655 59 0.0
1691 60 0.0
1730 61 0.0
1729 61 0.0
1748 62 0.0
1766 63 0.0
1805 64 0.0
1829 65 0.0
1837 65 0.0
1873 66 0.0
1869 66 0.0
1885 67 0.0
1928 68 0.0
1915 68 0.0
1957 69 0.0
1952 69 0.0
1984 70 0.0
1981 70 0.0
2002 71 0.0
2005 71 0.0
2024 72 0.0
2028 72 0.0
2052 73 0.0
2056 73 0.0
2099 74 0.0
2104 75 0.0
2139 76 0.0
2167 77 0.0
2172 77 0.0
2201 78 0.0
2230 79 0.0
2267 80 0.0
2256 80 0.0
2276 81 0.0
2321 82 0.0
2299 82 0.0
2324 83 0.0
2357 84 1.0
2382 85 1.0
2425 86 1.0
2430 86 1.0
2463 87 1.0
2474 88 1.0
2470 88 1.0
2510 89 1.0
2540 90 1.0
2525 90 1.0
2574 91 1.0
2564 91 1.0
2576 92 1.0
2592 92 1.0
2617 93 1.0
2644 94 1.0
2674 95 1.0
2713 96 1.0
2721 97 1.0
2748 98 1.0
2783 99 1.0
2827 100 1.0
2848 101 1.0
2835 101 1.0
2868 102 1.0
2883 102 1.0
2893 103 1.0
2926 104 1.0
2927 104 1.0
2956 105 1.0
2945 105 1.0
2968 106 1.0
2977 106 1.0
3003 107 1.0
3100 110 1.0
3184 113 0.0
3194 114 0.0
3366 120 0.0
3416 122 0.0
3469 123 0.0
3594 128 0.0
3656 130 0.0
3751 133 0.0
4056 144 1.0
438 15 1.0
2882 102 1.0
9 0 1.0
35 1 1.0
77 2 1.0
87 3 1.0
122 4 1.0
165 5 1.0
142 5 1.0
174 6 1.0
181 6 1.0
382 13 1.0
411 14 1.0
422 15 1.0
477 17 1.0
535 19 1.0
584 20 1.0
609 21 1.0
629 22 1.0
658 23 1.0
680 24 1.0
726 25 1.0
738 26 1.0
781 27 1.0
799 28 1.0
837 29 1.0
866 30 1.0
875 31 1.0
913 32 1.0
927 33 1.0
999 35 1.0
1030 36 1.0
1057 37 1.0
1073 38 1.0
1102 39 1.0
1137 40 1.0
1154 41 1.0
1199 42 1.0
1212 43 1.0
1252 44 1.0
1282 45 1.0
1325 47 1.0
1350 48 1.0
1412 50 1.0
1436 51 1.0
1467 52 1.0
1523 54 1.0
1568 56 0.0
1600 57 0.0
1628 58 0.0
1699 60 0.0
1716 61 0.0
1752 62 0.0
1812 64 0.0
1843 65 0.0
1849 66 0.0
1887 67 0.0
1911 68 0.0
1936 69 0.0
1978 70 0.0
2001 71 0.0
2037 72 0.0
2073 74 0.0
2115 75 0.0
2144 76 0.0
2159 77 0.0
2200 78 0.0
2229 79 0.0
2240 80 0.0
2329 83 0.0
2378 84 1.0
2389 85 1.0
2418 86 1.0
2444 87 1.0
2473 88 1.0
2502 89 1.0
2529 90 1.0
2566 91 1.0
2595 92 1.0
2651 94 1.0
2685 95 1.0
2705 96 1.0
2716 97 1.0
2758 98 1.0
2780 99 1.0
2841 101 1.0
2860 102 1.0
2888 103 1.0
2940 105 1.0
2971 106 1.0
3015 107 1.0
3036 108 1.0
3065 109 1.0
3165 113 0.0
3382 120 0.0
3406 121 0.0
3468 123 0.0
3604 128 0.0
3630 129 0.0
3645 130 0.0
16 0 1.0
80 2 1.0
109 3 1.0
125 4 1.0
140 5 1.0
176 6 1.0
197 7 1.0
206 7 1.0
226 8 1.0
235 8 1.0
267 9 1.0
275 9 1.0
292 10 1.0
284 10 1.0
317 11 1.0
320 11 1.0
327 11 1.0
330 11 1.0
355 12 1.0
343 12 1.0
362 12 1.0
376 13 1.0
414 14 1.0
394 14 1.0
434 15 1.0
429 15 1.0
454 16 1.0
472 16 1.0
482 17 1.0
512 18 1.0
505 18 1.0
518 18 1.0
550 19 1.0
543 19 1.0
571 20 1.0
565 20 1.0
642 22 1.0
626 22 1.0
625 22 1.0
618 22 1.0
647 23 1.0
650 23 1.0
672 24 1.0
703 25 1.0
706 25 1.0
729 26 1.0
745 26 1.0
759 27 1.0
766 27 1.0
814 29 1.0
831 29 1.0
830 29 1.0
845 30 1.0
893 31 1.0
891 31 1.0
917 32 1.0
916 32 1.0
930 33 1.0
978 34 1.0
982 35 1.0
1021 36 1.0
1038 37 1.0
1070 38 1.0
1081 38 1.0
1098 39 1.0
1096 39 1.0
1141 40 1.0
1229 43 1.0
1206 43 1.0
1232 44 1.0
1238 44 1.0
1270 45 1.0
1269 45 1.0
1306 46 1.0
1347 48 1.0
1372 49 1.0
1394 49 1.0
1410 50 1.0
1453 51 1.0
1465 52 1.0
1457 52 1.0
1461 52 1.0
1488 53 1.0
1546 55 1.0
1570 56 0.0
1636 58 0.0
1640 58 0.0
1634 58 0.0
1678 59 0.0
1669 59 0.0
1690 60 0.0
1682 60 0.0
1720 61 0.0
1755 62 0.0
1745 62 0.0
1774 63 0.0
1801 64 0.0
1828 65 0.0
1824 65 0.0
1861 66 0.0
1866 66 0.0
1892 67 0.0
1914 68 0.0
1933 69 0.0
1937 69 0.0
1961 70 0.0
2012 71 0.0
1989 71 0.0
2027 72 0.0
2046 73 0.0
2054 73 0.0
2087 74 0.0
2154 76 0.0
2142 76 0.0
2164 77 0.0
2198 78 0.0
2221 79 0.0
2243 80 0.0
2278 81 0.0
2273 81 0.0
2318 82 0.0
2296 82 0.0
2334 83 0.0
2342 83 0.0
2397 85 1.0
2400 85 1.0
2421 86 1.0
2412 86 1.0
2443 87 1.0
2484 88 1.0
2522 90 1.0
2596 92 1.0
2585 92 1.0
2614 93 1.0
2646 94 1.0
2656 94 1.0
2677 95 1.0
2690 96 1.0
2698 96 1.0
2756 98 1.0
2784 99 1.0
2808 100 1.0
2873 102 1.0
2925 104 1.0
2928 104 1.0
2941 105 1.0
2982 106 1.0
3002 107 1.0
3031 108 1.0
3061 109 1.0
3097 110 1.0
3111 111 1.0
3168 113 0.0
3219 114 0.0
3225 115 0.0
3266 116 0.0
3296 117 0.0
3317 118 0.0
3356 119 0.0
3361 120 0.0
3410 121 0.0
3430 122 0.0
3454 123 0.0
3476 124 0.0
3544 126 0.0
3563 127 0.0
3595 128 0.0
3629 129 0.0
3622 129 0.0
3662 130 0.0
3675 131 0.0
3737 133 0.0
3805 135 0.0
3817 136 0.0
3850 137 0.0
3877 138 0.0
3892 139 0.0
3939 140 1.0
3971 141 1.0
3993 142 1.0
4005 143 1.0
4038 144 1.0
4065 145 1.0
4127 147 1.0
4122 147 1.0
4159 148 1.0
4181 149 1.0
4226 150 1.0
4253 151 1.0
4347 155 1.0
13 0 1.0
41 1 1.0
88 3 1.0
119 4 1.0
177 6 1.0
522 18 1.0
525 18 1.0
572 20 1.0
661 23 1.0
713 25 1.0
721 25 1.0
834 29 1.0
849 30 1.0
905 32 1.0
941 33 1.0
939 33 1.0
1037 37 1.0
1129 40 1.0
1130 40 1.0
1160 41 1.0
1183 42 1.0
1281 45 1.0
1297 46 1.0
1318 47 1.0
1354 48 1.0
1487 53 1.0
1522 54 1.0
1542 55 1.0
1608 57 0.0
1710 61 0.0
1740 62 0.0
1817 64 0.0
1796 64 0.0
1838 65 0.0
1847 65 0.0
1868 66 0.0
2035 72 0.0
2065 73 0.0
2061 73 0.0
2130 76 0.0
2156 77 0.0
2253 80 0.0
2360 84 1.0
2432 86 1.0
2513 89 1.0
2548 91 1.0
2613 93 1.0
3056 109 1.0
3133 111 1.0
3156 112 0.0
723 25 1.0
2653 94 1.0
2672 95 1.0
 fin motif
# 8 target:0 c+:73 c-:53 score:15.44119192056641 score+:349.0901566640076 score-:420.11963949861314 nb:6 =l_0c_24 l_0c_79 l_0c_80 l_0c_71 l_0c_107 l_0c_82 
1343 47 1.0
1360 48 1.0
1376 49 1.0
1425 50 1.0
1444 51 1.0
1471 52 1.0
1484 53 1.0
1524 54 1.0
1544 55 1.0
1569 56 0.0
1618 57 0.0
1629 58 0.0
1652 59 0.0
1684 60 0.0
1708 61 0.0
1741 62 0.0
1780 63 0.0
1802 64 0.0
1821 65 0.0
1859 66 0.0
1876 67 0.0
1905 68 0.0
1960 70 0.0
1990 71 0.0
2020 72 0.0
2051 73 0.0
2076 74 0.0
2101 75 0.0
2132 76 0.0
2162 77 0.0
2187 78 0.0
2214 79 0.0
2245 80 0.0
2269 81 0.0
2297 82 0.0
2350 83 0.0
2353 84 1.0
2383 85 1.0
2408 86 1.0
2440 87 1.0
2475 88 1.0
2498 89 1.0
2542 90 1.0
2562 91 1.0
2598 92 1.0
2605 93 1.0
2663 95 1.0
2688 96 1.0
2726 97 1.0
2750 98 1.0
2776 99 1.0
2820 100 1.0
2837 101 1.0
2863 102 1.0
2892 103 1.0
2914 104 1.0
2959 105 1.0
2989 106 1.0
3007 107 1.0
3025 108 1.0
3064 109 1.0
3082 110 1.0
3117 111 1.0
3177 113 0.0
3201 114 0.0
3227 115 0.0
3252 116 0.0
3289 117 0.0
3320 118 0.0
3332 119 0.0
3379 120 0.0
3399 121 0.0
3426 122 0.0
3452 123 0.0
3490 124 0.0
3519 125 0.0
3548 126 0.0
3558 127 0.0
3600 128 0.0
3620 129 0.0
3677 131 0.0
3697 132 0.0
3744 133 0.0
3758 134 0.0
3791 135 0.0
3816 136 0.0
3841 137 0.0
3869 138 0.0
3896 139 0.0
3930 140 1.0
3963 141 1.0
3980 142 1.0
4010 143 1.0
4043 144 1.0
4068 145 1.0
4099 146 1.0
4130 147 1.0
4162 148 1.0
4194 149 1.0
4203 150 1.0
4245 151 1.0
4296 153 1.0
4329 154 1.0
4355 155 1.0
4405 157 1.0
4433 158 1.0
4494 160 1.0
4517 161 1.0
4562 162 1.0
4582 163 1.0
4593 164 1.0
4620 165 1.0
4672 166 1.0
4691 167 1.0
4723 168 1.0
4751 169 1.0
4770 170 1.0
4801 171 1.0
4860 173 1.0
4893 174 1.0
4911 175 1.0
4996 178 1.0
5067 180 1.0
5081 181 1.0
5184 185 1.0
5255 187 1.0
3029 108 1.0
 fin motif
# 9 target:0 c+:10 c-:8 score:14.078359905826169 score+:411.1788567114548 score-:771.5848703006048 nb:41 =l_0c_121 l_0c_7 l_0c_109 l_0c_46 l_0c_45 l_0c_30 l_0c_20 l_0c_89 l_0c_91 l_0c_75 l_0c_76 l_0c_53 l_0c_27 l_0c_87 l_0c_100 l_0c_12 l_0c_42 l_0c_101 l_0c_74 l_0c_93 l_0c_115 l_0c_96 l_0c_17 l_0c_31 l_0c_66 l_0c_108 l_0c_83 l_0c_85 l_0c_99 l_0c_41 l_0c_24 l_0c_56 l_0c_40 l_0c_19 l_0c_3 l_0c_5 l_0c_80 l_0c_71 l_0c_116 l_0c_51 l_0c_44 
1144 40 1.0
1162 41 1.0
1227 43 1.0
1272 45 1.0
1308 46 1.0
1705 60 0.0
1811 64 0.0
1851 66 0.0
1896 67 0.0
1941 69 0.0
2018 72 0.0
2060 73 0.0
2344 83 0.0
2368 84 1.0
2896 103 1.0
2933 104 1.0
2965 105 1.0
3019 107 1.0
 fin motif
