# 0 target:1 c+:20 c-:1 score:32.36295084232171 score+:504.61409979537683 score-:45.06019783440873 nb:22 =l_1c_63 l_1c_113 l_1c_91 l_1c_100 l_1c_8 l_1c_107 l_1c_121 l_1c_61 l_1c_114 l_1c_36 l_1c_51 l_1c_111 l_1c_32 l_1c_82 l_1c_124 l_1c_95 l_1c_54 l_1c_43 l_1c_20 l_1c_57 l_1c_33 l_1c_11 
4 0 1.0
123 4 1.0
138 4 1.0
143 5 1.0
184 6 1.0
213 7 1.0
303 10 1.0
331 11 1.0
322 11 1.0
356 12 1.0
451 16 1.0
535 19 1.0
679 24 1.0
723 25 1.0
1080 38 1.0
2039 72 0.0
2471 88 1.0
2504 89 1.0
2672 95 1.0
2847 101 1.0
2880 102 1.0
3048 108 1.0
2484 88 1.0
2653 94 1.0
2841 101 1.0
2860 102 1.0
3029 108 1.0
 fin motif
# 1 target:1 c+:58 c-:17 score:31.693750924933568 score+:1169.406851985909 score-:814.4368416266532 nb:17 =l_1c_85 l_1c_113 l_1c_62 l_1c_83 l_1c_23 l_1c_96 l_1c_75 l_1c_37 l_1c_21 l_1c_127 l_1c_52 l_1c_104 l_1c_70 l_1c_24 l_1c_106 l_1c_34 l_1c_100 
146 5 1.0
334 11 1.0
337 12 1.0
389 13 1.0
392 14 1.0
464 16 1.0
488 17 1.0
514 18 1.0
510 18 1.0
556 19 1.0
640 22 1.0
661 23 1.0
677 24 1.0
714 25 1.0
741 26 1.0
768 27 1.0
851 30 1.0
911 32 1.0
941 33 1.0
974 34 1.0
1117 39 1.0
1120 40 1.0
1130 40 1.0
1147 40 1.0
1278 45 1.0
1354 48 1.0
1487 53 1.0
1517 54 1.0
1545 55 1.0
1623 57 0.0
1608 57 0.0
1710 61 0.0
1829 65 0.0
1952 69 0.0
2035 72 0.0
2065 73 0.0
2156 77 0.0
2267 80 0.0
2321 82 0.0
2548 91 1.0
13 0 1.0
41 1 1.0
88 3 1.0
119 4 1.0
177 6 1.0
201 7 1.0
229 8 1.0
276 9 1.0
307 10 1.0
325 11 1.0
365 13 1.0
437 15 1.0
513 18 1.0
522 18 1.0
553 19 1.0
572 20 1.0
713 25 1.0
760 27 1.0
905 32 1.0
902 32 1.0
948 33 1.0
1090 38 1.0
1089 38 1.0
1111 39 1.0
1144 40 1.0
1162 41 1.0
1227 43 1.0
1281 45 1.0
1308 46 1.0
1299 46 1.0
1335 47 1.0
1705 60 0.0
1733 61 0.0
1754 62 0.0
1811 64 0.0
1838 65 0.0
1851 66 0.0
1896 67 0.0
1941 69 0.0
2018 72 0.0
2060 73 0.0
2130 76 0.0
2344 83 0.0
2368 84 1.0
2384 85 1.0
2572 91 1.0
2896 103 1.0
2933 104 1.0
2965 105 1.0
3019 107 1.0
834 29 1.0
849 30 1.0
1129 40 1.0
1183 42 1.0
1297 46 1.0
1318 47 1.0
1378 49 1.0
1469 52 1.0
1522 54 1.0
1542 55 1.0
1740 62 0.0
1796 64 0.0
2253 80 0.0
2360 84 1.0
2432 86 1.0
2499 89 1.0
2613 93 1.0
3056 109 1.0
3133 111 1.0
3156 112 0.0
 fin motif
# 2 target:1 c+:24 c-:3 score:17.500296281152107 score+:212.93559808717455 score-:79.93334635041859 nb:11 =l_1c_124 l_1c_113 l_1c_8 l_1c_107 l_1c_37 l_1c_75 l_1c_100 l_1c_62 l_1c_83 l_1c_23 l_1c_104 
4 0 1.0
34 1 1.0
123 4 1.0
138 4 1.0
143 5 1.0
180 6 1.0
184 6 1.0
213 7 1.0
204 7 1.0
249 8 1.0
300 10 1.0
303 10 1.0
326 11 1.0
331 11 1.0
322 11 1.0
356 12 1.0
368 13 1.0
451 16 1.0
473 16 1.0
489 17 1.0
663 23 1.0
679 24 1.0
723 25 1.0
708 25 1.0
786 28 1.0
956 34 1.0
1039 37 1.0
1084 38 1.0
1080 38 1.0
1764 63 0.0
2079 74 0.0
2140 76 0.0
2471 88 1.0
2509 89 1.0
2504 89 1.0
2847 101 1.0
2880 102 1.0
 fin motif
# 3 target:1 c+:13 c-:2 score:16.968903884667373 score+:378.05547585805465 score-:137.09704069577805 nb:22 =l_1c_35 l_1c_113 l_1c_121 l_1c_61 l_1c_114 l_1c_36 l_1c_51 l_1c_111 l_1c_32 l_1c_82 l_1c_11 l_1c_91 l_1c_78 l_1c_10 l_1c_60 l_1c_5 l_1c_55 l_1c_95 l_1c_34 l_1c_100 l_1c_62 l_1c_23 
320 11 1.0
362 12 1.0
429 15 1.0
508 18 1.0
550 19 1.0
642 22 1.0
830 29 1.0
893 31 1.0
1081 38 1.0
1394 49 1.0
1457 52 1.0
1933 69 0.0
2334 83 0.0
2397 85 1.0
2873 102 1.0
 fin motif
# 4 target:1 c+:19 c-:5 score:13.208175934895294 score+:244.98255425499667 score-:152.52532271072965 nb:10 =l_1c_0 l_1c_113 l_1c_62 l_1c_34 l_1c_69 l_1c_55 l_1c_121 l_1c_61 l_1c_82 l_1c_114 
38 1 1.0
96 3 1.0
129 4 1.0
167 5 1.0
226 8 1.0
284 10 1.0
317 11 1.0
355 12 1.0
463 16 1.0
518 18 1.0
571 20 1.0
729 26 1.0
1206 43 1.0
1269 45 1.0
1636 58 0.0
1653 59 0.0
1678 59 0.0
1745 62 0.0
2342 83 0.0
2522 90 1.0
2585 92 1.0
3032 108 1.0
3061 109 1.0
3892 139 0.0
4122 147 1.0
 fin motif
# 5 target:1 c+:6 c-:0 score:8.58308927826093 score+:106.43030705043549 score-:0 nb:19 =l_1c_71 l_1c_75 l_1c_113 l_1c_62 l_1c_83 l_1c_23 l_1c_21 l_1c_85 l_1c_8 l_1c_37 l_1c_24 l_1c_127 l_1c_63 l_1c_7 l_1c_105 l_1c_96 l_1c_106 l_1c_104 l_1c_107 
510 18 1.0
911 32 1.0
723 25 1.0
698 24 1.0
1078 38 1.0
2692 96 1.0
 fin motif
