# 0 target:0 c+:96 c-:52 score:36.1339002950011 score+:2726.4272887233283 score-:3478.012414859351 nb:33 =l_2c_61 l_2c_40 l_2c_32 l_2c_75 l_2c_84 l_2c_117 l_2c_50 l_2c_108 l_2c_15 l_2c_51 l_2c_74 l_2c_19 l_2c_4 l_2c_16 l_2c_6 l_2c_18 l_2c_70 l_2c_24 l_2c_12 l_2c_72 l_2c_9 l_2c_22 l_2c_126 l_2c_123 l_2c_102 l_2c_116 l_2c_127 l_2c_7 l_2c_104 l_2c_71 l_2c_42 l_2c_122 l_2c_2 
2039 72 0.0
3048 108 1.0
2 0 1.0
125 4 1.0
176 6 1.0
206 7 1.0
292 10 1.0
565 20 1.0
978 34 1.0
1861 66 0.0
2808 100 1.0
414 14 1.0
917 32 1.0
1098 39 1.0
1229 43 1.0
1720 61 0.0
1755 62 0.0
2273 81 0.0
2412 86 1.0
80 2 1.0
109 3 1.0
745 26 1.0
343 12 1.0
1774 63 0.0
1892 67 0.0
1961 70 0.0
853 30 1.0
1793 64 0.0
394 14 1.0
1962 70 0.0
2150 76 0.0
2255 80 0.0
53 1 1.0
40 1 1.0
140 5 1.0
244 8 1.0
275 9 1.0
328 11 1.0
366 13 1.0
425 15 1.0
507 18 1.0
546 19 1.0
613 21 1.0
629 22 1.0
674 24 1.0
726 25 1.0
718 25 1.0
780 27 1.0
804 28 1.0
828 29 1.0
870 31 1.0
906 32 1.0
927 33 1.0
1015 36 1.0
1073 38 1.0
1102 39 1.0
1141 40 1.0
1161 41 1.0
1192 42 1.0
1211 43 1.0
1246 44 1.0
1265 45 1.0
1295 46 1.0
1330 47 1.0
1347 48 1.0
1372 49 1.0
1410 50 1.0
1453 51 1.0
1467 52 1.0
1495 53 1.0
1535 54 1.0
1551 55 1.0
1578 56 0.0
1617 57 0.0
1634 58 0.0
1628 58 0.0
1664 59 0.0
1682 60 0.0
1694 60 0.0
1709 61 0.0
1746 62 0.0
1801 64 0.0
1843 65 0.0
1917 68 0.0
1954 69 0.0
1989 71 0.0
2068 73 0.0
2088 74 0.0
2102 75 0.0
2136 76 0.0
2159 77 0.0
2184 78 0.0
2212 79 0.0
2250 80 0.0
2275 81 0.0
2305 82 0.0
2327 83 0.0
2355 84 1.0
2386 85 1.0
2426 86 1.0
2455 87 1.0
2484 88 1.0
2512 89 1.0
2545 90 1.0
2535 90 1.0
2595 92 1.0
2614 93 1.0
2656 94 1.0
2672 95 1.0
2705 96 1.0
2725 97 1.0
2762 98 1.0
2796 99 1.0
2860 102 1.0
2909 103 1.0
2912 104 1.0
2971 106 1.0
3006 107 1.0
3071 109 1.0
3081 110 1.0
3165 113 0.0
3228 115 0.0
3382 120 0.0
3406 121 0.0
3468 123 0.0
3604 128 0.0
3630 129 0.0
3657 130 0.0
3868 138 0.0
3939 140 1.0
330 11 1.0
706 25 1.0
505 18 1.0
571 20 1.0
729 26 1.0
1269 45 1.0
1639 58 0.0
1745 62 0.0
2585 92 1.0
2925 104 1.0
3629 129 0.0
3662 130 0.0
3817 136 0.0
3850 137 0.0
3892 139 0.0
6 0 1.0
5 0 1.0
31 1 1.0
35 1 1.0
56 2 1.0
94 3 1.0
116 4 1.0
150 5 1.0
169 6 1.0
215 7 1.0
228 8 1.0
241 8 1.0
263 9 1.0
283 10 1.0
319 11 1.0
344 12 1.0
375 13 1.0
411 14 1.0
440 15 1.0
429 15 1.0
475 16 1.0
472 16 1.0
502 17 1.0
509 18 1.0
538 19 1.0
543 19 1.0
575 20 1.0
591 21 1.0
642 22 1.0
634 22 1.0
647 23 1.0
650 23 1.0
675 24 1.0
711 25 1.0
746 26 1.0
759 27 1.0
758 27 1.0
801 28 1.0
830 29 1.0
814 29 1.0
826 29 1.0
852 30 1.0
883 31 1.0
891 31 1.0
915 32 1.0
930 33 1.0
989 35 1.0
1012 36 1.0
1038 37 1.0
1069 38 1.0
1096 39 1.0
1121 40 1.0
1159 41 1.0
1185 42 1.0
1204 43 1.0
1206 43 1.0
1231 43 1.0
1233 44 1.0
1270 45 1.0
1309 46 1.0
1328 47 1.0
1349 48 1.0
1386 49 1.0
1394 49 1.0
1415 50 1.0
1429 51 1.0
1461 52 1.0
1488 53 1.0
1513 54 1.0
1558 55 1.0
1580 56 0.0
1582 56 0.0
1612 57 0.0
1626 58 0.0
1669 59 0.0
1683 60 0.0
1728 61 0.0
1739 62 0.0
1791 63 0.0
1799 64 0.0
1797 64 0.0
1828 65 0.0
1854 66 0.0
1889 67 0.0
1920 68 0.0
1914 68 0.0
1937 69 0.0
1970 70 0.0
1997 71 0.0
2038 72 0.0
2046 73 0.0
2087 74 0.0
2105 75 0.0
2154 76 0.0
2142 76 0.0
2164 77 0.0
2188 78 0.0
2198 78 0.0
2221 79 0.0
2251 80 0.0
2285 81 0.0
2296 82 0.0
2342 83 0.0
2333 83 0.0
2378 84 1.0
2400 85 1.0
2416 86 1.0
2443 87 1.0
2506 89 1.0
2511 89 1.0
2522 90 1.0
2529 90 1.0
2551 91 1.0
2566 91 1.0
2601 92 1.0
2627 93 1.0
2637 94 1.0
2702 96 1.0
2716 97 1.0
2749 98 1.0
2798 99 1.0
2818 100 1.0
2834 101 1.0
2890 103 1.0
2928 104 1.0
2950 105 1.0
2984 106 1.0
3002 107 1.0
3061 109 1.0
3066 109 1.0
3097 110 1.0
3116 111 1.0
3168 113 0.0
3218 114 0.0
3269 116 0.0
3280 117 0.0
3317 118 0.0
3375 120 0.0
3476 124 0.0
3563 127 0.0
3598 128 0.0
3680 131 0.0
3732 133 0.0
3971 141 1.0
4127 147 1.0
9 0 1.0
33 1 1.0
62 2 1.0
77 2 1.0
87 3 1.0
86 3 1.0
122 4 1.0
164 5 1.0
142 5 1.0
173 6 1.0
197 7 1.0
235 8 1.0
267 9 1.0
281 10 1.0
327 11 1.0
340 12 1.0
376 13 1.0
405 14 1.0
434 15 1.0
457 16 1.0
454 16 1.0
482 17 1.0
512 18 1.0
536 19 1.0
573 20 1.0
609 21 1.0
618 22 1.0
657 23 1.0
672 24 1.0
703 25 1.0
728 26 1.0
766 27 1.0
799 28 1.0
831 29 1.0
845 30 1.0
874 31 1.0
910 32 1.0
916 32 1.0
950 33 1.0
952 34 1.0
1002 35 1.0
982 35 1.0
1021 36 1.0
1018 36 1.0
1047 37 1.0
1070 38 1.0
1104 39 1.0
1135 40 1.0
1154 41 1.0
1199 42 1.0
1212 43 1.0
1235 44 1.0
1264 45 1.0
1306 46 1.0
1325 47 1.0
1350 48 1.0
1374 49 1.0
1423 50 1.0
1452 51 1.0
1446 51 1.0
1473 52 1.0
1494 53 1.0
1502 53 1.0
1523 54 1.0
1546 55 1.0
1570 56 0.0
1600 57 0.0
1640 58 0.0
1660 59 0.0
1690 60 0.0
1716 61 0.0
1752 62 0.0
1771 63 0.0
1806 64 0.0
1839 65 0.0
1856 66 0.0
1887 67 0.0
1946 69 0.0
1964 70 0.0
1994 71 0.0
2027 72 0.0
2055 73 0.0
2078 74 0.0
2115 75 0.0
2152 76 0.0
2182 77 0.0
2192 78 0.0
2224 79 0.0
2233 79 0.0
2243 80 0.0
2278 81 0.0
2329 83 0.0
2364 84 1.0
2391 85 1.0
2421 86 1.0
2439 87 1.0
2468 88 1.0
2502 89 1.0
2544 90 1.0
2549 91 1.0
2596 92 1.0
2609 93 1.0
2653 94 1.0
2690 96 1.0
2737 97 1.0
2717 97 1.0
2756 98 1.0
2784 99 1.0
2811 100 1.0
2841 101 1.0
2844 101 1.0
2888 103 1.0
2922 104 1.0
2941 105 1.0
2982 106 1.0
2999 107 1.0
3065 109 1.0
3093 110 1.0
3111 111 1.0
3187 113 0.0
3219 114 0.0
3225 115 0.0
3266 116 0.0
3296 117 0.0
3356 119 0.0
3361 120 0.0
3410 121 0.0
3430 122 0.0
3454 123 0.0
3487 124 0.0
3544 126 0.0
3595 128 0.0
3622 129 0.0
3645 130 0.0
3675 131 0.0
3737 133 0.0
3805 135 0.0
3877 138 0.0
3993 142 1.0
4005 143 1.0
4038 144 1.0
4065 145 1.0
4159 148 1.0
4181 149 1.0
4226 150 1.0
4253 151 1.0
4347 155 1.0
7 0 1.0
 fin motif
# 1 target:0 c+:21 c-:16 score:30.142059240419492 score+:487.4474794140611 score-:861.2090139952626 nb:19 =l_2c_111 l_2c_91 l_2c_121 l_2c_73 l_2c_85 l_2c_64 l_2c_57 l_2c_81 l_2c_87 l_2c_31 l_2c_38 l_2c_3 l_2c_80 l_2c_98 l_2c_114 l_2c_30 l_2c_35 l_2c_8 l_2c_76 
571 20 1.0
729 26 1.0
2925 104 1.0
3629 129 0.0
3662 130 0.0
3817 136 0.0
3850 137 0.0
1238 44 1.0
226 8 1.0
284 10 1.0
355 12 1.0
518 18 1.0
195 6 1.0
317 11 1.0
342 12 1.0
463 16 1.0
1259 44 1.0
1426 50 1.0
1447 51 1.0
1636 58 0.0
1678 59 0.0
1824 65 0.0
1870 66 0.0
1866 66 0.0
1908 68 0.0
1943 69 0.0
2012 71 0.0
2054 73 0.0
2242 80 0.0
2461 87 1.0
3032 108 1.0
3113 111 1.0
3143 112 0.0
3164 113 0.0
3730 133 0.0
4122 147 1.0
4381 156 1.0
4414 157 1.0
4569 163 1.0
4602 164 1.0
 fin motif
# 2 target:0 c+:119 c-:56 score:27.294780871539984 score+:760.4535809992185 score-:853.2558359624544 nb:4 =l_2c_59 l_2c_103 l_2c_5 l_2c_76 
518 18 1.0
626 22 1.0
61 2 1.0
112 4 1.0
146 5 1.0
181 6 1.0
195 6 1.0
196 7 1.0
249 8 1.0
236 8 1.0
300 10 1.0
316 11 1.0
334 11 1.0
317 11 1.0
336 12 1.0
337 12 1.0
342 12 1.0
368 13 1.0
383 13 1.0
424 15 1.0
464 16 1.0
463 16 1.0
477 17 1.0
522 18 1.0
552 19 1.0
533 19 1.0
541 19 1.0
577 20 1.0
605 21 1.0
633 22 1.0
619 22 1.0
625 22 1.0
644 23 1.0
673 24 1.0
692 24 1.0
689 24 1.0
705 25 1.0
735 26 1.0
757 27 1.0
800 28 1.0
793 28 1.0
821 29 1.0
834 29 1.0
849 30 1.0
895 31 1.0
907 32 1.0
932 33 1.0
972 34 1.0
999 35 1.0
1022 36 1.0
1037 37 1.0
1089 38 1.0
1099 39 1.0
1129 40 1.0
1183 42 1.0
1210 43 1.0
1247 44 1.0
1259 44 1.0
1282 45 1.0
1277 45 1.0
1297 46 1.0
1318 47 1.0
1354 48 1.0
1380 49 1.0
1426 50 1.0
1418 50 1.0
1404 50 1.0
1435 51 1.0
1447 51 1.0
1465 52 1.0
1462 52 1.0
1479 52 1.0
1485 53 1.0
1536 54 1.0
1522 54 1.0
1542 55 1.0
1566 55 1.0
1568 56 0.0
1608 57 0.0
1650 58 0.0
1636 58 0.0
1678 59 0.0
1655 59 0.0
1691 60 0.0
1710 61 0.0
1753 62 0.0
1740 62 0.0
1766 63 0.0
1796 64 0.0
1838 65 0.0
1824 65 0.0
1873 66 0.0
1870 66 0.0
1877 67 0.0
1908 68 0.0
1911 68 0.0
1936 69 0.0
1943 69 0.0
1984 70 0.0
2012 71 0.0
1998 71 0.0
2035 72 0.0
2065 73 0.0
2073 74 0.0
2123 75 0.0
2139 76 0.0
2137 76 0.0
2169 77 0.0
2200 78 0.0
2216 79 0.0
2253 80 0.0
2276 81 0.0
2311 82 0.0
2325 83 0.0
2324 83 0.0
2360 84 1.0
2432 86 1.0
2461 87 1.0
2463 87 1.0
2470 88 1.0
2513 89 1.0
2540 90 1.0
2548 91 1.0
2576 92 1.0
2613 93 1.0
2617 93 1.0
2644 94 1.0
2680 95 1.0
2660 95 1.0
2721 97 1.0
2757 98 1.0
2780 99 1.0
2827 100 1.0
2835 101 1.0
2868 102 1.0
2893 103 1.0
2927 104 1.0
2945 105 1.0
2968 106 1.0
3003 107 1.0
3032 108 1.0
3074 109 1.0
3070 109 1.0
3056 109 1.0
3100 110 1.0
3133 111 1.0
3113 111 1.0
3156 112 0.0
3143 112 0.0
3178 113 0.0
3164 113 0.0
3194 114 0.0
3366 120 0.0
3416 122 0.0
3469 123 0.0
3594 128 0.0
3656 130 0.0
3730 133 0.0
3751 133 0.0
4056 144 1.0
4122 147 1.0
4381 156 1.0
4414 157 1.0
4569 163 1.0
4602 164 1.0
407 14 1.0
676 24 1.0
1152 41 1.0
1685 60 0.0
2237 79 0.0
2382 85 1.0
2713 96 1.0
3227 115 0.0
3252 116 0.0
3289 117 0.0
3320 118 0.0
3332 119 0.0
3399 121 0.0
3490 124 0.0
3519 125 0.0
3548 126 0.0
3558 127 0.0
3620 129 0.0
3677 131 0.0
3697 132 0.0
3758 134 0.0
3791 135 0.0
3816 136 0.0
3841 137 0.0
3869 138 0.0
3896 139 0.0
3930 140 1.0
3963 141 1.0
3980 142 1.0
4010 143 1.0
4068 145 1.0
4099 146 1.0
4162 148 1.0
4194 149 1.0
4203 150 1.0
4245 151 1.0
4256 152 1.0
4296 153 1.0
4329 154 1.0
4355 155 1.0
4433 158 1.0
4494 160 1.0
4517 161 1.0
4562 162 1.0
4620 165 1.0
4672 166 1.0
4691 167 1.0
4723 168 1.0
4751 169 1.0
4770 170 1.0
4801 171 1.0
4860 173 1.0
4893 174 1.0
4911 175 1.0
4996 178 1.0
5067 180 1.0
5081 181 1.0
5184 185 1.0
5255 187 1.0
 fin motif
# 3 target:0 c+:0 c-:3 score:17.63406554869479 score+:0 score-:81.11670152399603 nb:6 =l_2c_109 l_2c_85 l_2c_5 l_2c_103 l_2c_59 l_2c_73 
1912 68 0.0
2100 75 0.0
2288 81 0.0
 fin motif
# 4 target:0 c+:91 c-:46 score:9.034033159156863 score+:185.7041071303349 score-:205.57898008048002 nb:2 =l_2c_57 l_2c_121 
2039 72 0.0
3048 108 1.0
2 0 1.0
125 4 1.0
176 6 1.0
206 7 1.0
292 10 1.0
565 20 1.0
978 34 1.0
1861 66 0.0
2808 100 1.0
414 14 1.0
917 32 1.0
1098 39 1.0
1229 43 1.0
1720 61 0.0
1755 62 0.0
2273 81 0.0
2412 86 1.0
80 2 1.0
109 3 1.0
745 26 1.0
343 12 1.0
1774 63 0.0
1892 67 0.0
1961 70 0.0
853 30 1.0
1793 64 0.0
394 14 1.0
1962 70 0.0
2150 76 0.0
2255 80 0.0
53 1 1.0
40 1 1.0
140 5 1.0
244 8 1.0
275 9 1.0
328 11 1.0
366 13 1.0
425 15 1.0
507 18 1.0
546 19 1.0
613 21 1.0
629 22 1.0
674 24 1.0
726 25 1.0
718 25 1.0
780 27 1.0
804 28 1.0
828 29 1.0
870 31 1.0
906 32 1.0
927 33 1.0
1015 36 1.0
1073 38 1.0
1102 39 1.0
1141 40 1.0
1161 41 1.0
1192 42 1.0
1211 43 1.0
1246 44 1.0
1265 45 1.0
1295 46 1.0
1330 47 1.0
1347 48 1.0
1372 49 1.0
1410 50 1.0
1453 51 1.0
1467 52 1.0
1495 53 1.0
1535 54 1.0
1551 55 1.0
1578 56 0.0
1617 57 0.0
1634 58 0.0
1628 58 0.0
1664 59 0.0
1682 60 0.0
1694 60 0.0
1709 61 0.0
1746 62 0.0
1801 64 0.0
1843 65 0.0
1917 68 0.0
1954 69 0.0
1989 71 0.0
2068 73 0.0
2088 74 0.0
2102 75 0.0
2136 76 0.0
2159 77 0.0
2184 78 0.0
2212 79 0.0
2250 80 0.0
2275 81 0.0
2305 82 0.0
2327 83 0.0
2355 84 1.0
2386 85 1.0
2426 86 1.0
2455 87 1.0
2484 88 1.0
2512 89 1.0
2545 90 1.0
2535 90 1.0
2595 92 1.0
2614 93 1.0
2656 94 1.0
2672 95 1.0
2705 96 1.0
2725 97 1.0
2762 98 1.0
2796 99 1.0
2860 102 1.0
2909 103 1.0
2912 104 1.0
2971 106 1.0
3006 107 1.0
3071 109 1.0
3081 110 1.0
3165 113 0.0
3228 115 0.0
3382 120 0.0
3406 121 0.0
3468 123 0.0
3604 128 0.0
3630 129 0.0
3657 130 0.0
3868 138 0.0
3939 140 1.0
330 11 1.0
706 25 1.0
505 18 1.0
571 20 1.0
729 26 1.0
1269 45 1.0
1639 58 0.0
1745 62 0.0
2585 92 1.0
2925 104 1.0
3629 129 0.0
3662 130 0.0
3817 136 0.0
3850 137 0.0
3892 139 0.0
16 0 1.0
32 1 1.0
458 16 1.0
557 19 1.0
754 26 1.0
784 28 1.0
1097 39 1.0
1232 44 1.0
2504 89 1.0
2880 102 1.0
320 11 1.0
617 22 1.0
893 31 1.0
1081 38 1.0
1457 52 1.0
1933 69 0.0
2334 83 0.0
2397 85 1.0
2873 102 1.0
313 11 1.0
364 13 1.0
480 17 1.0
531 18 1.0
995 35 1.0
1673 59 0.0
362 12 1.0
508 18 1.0
550 19 1.0
1238 44 1.0
535 19 1.0
723 25 1.0
2471 88 1.0
2847 101 1.0
473 16 1.0
451 16 1.0
1166 41 1.0
226 8 1.0
284 10 1.0
355 12 1.0
518 18 1.0
626 22 1.0
44 1 1.0
115 4 1.0
168 6 1.0
232 8 1.0
582 20 1.0
608 21 1.0
668 23 1.0
796 28 1.0
867 30 1.0
937 33 1.0
1798 64 0.0
1879 67 0.0
311 11 1.0
372 13 1.0
871 31 1.0
1222 43 1.0
2067 73 0.0
2901 103 1.0
8 0 1.0
13 0 1.0
48 1 1.0
41 1 1.0
38 1 1.0
61 2 1.0
96 3 1.0
88 3 1.0
112 4 1.0
129 4 1.0
119 4 1.0
143 5 1.0
146 5 1.0
167 5 1.0
184 6 1.0
181 6 1.0
177 6 1.0
195 6 1.0
185 6 1.0
196 7 1.0
213 7 1.0
201 7 1.0
249 8 1.0
229 8 1.0
236 8 1.0
257 9 1.0
276 9 1.0
300 10 1.0
303 10 1.0
307 10 1.0
316 11 1.0
334 11 1.0
325 11 1.0
317 11 1.0
331 11 1.0
322 11 1.0
336 12 1.0
337 12 1.0
342 12 1.0
356 12 1.0
368 13 1.0
365 13 1.0
383 13 1.0
380 13 1.0
373 13 1.0
392 14 1.0
437 15 1.0
424 15 1.0
464 16 1.0
463 16 1.0
477 17 1.0
491 17 1.0
522 18 1.0
510 18 1.0
552 19 1.0
533 19 1.0
556 19 1.0
541 19 1.0
544 19 1.0
577 20 1.0
572 20 1.0
605 21 1.0
633 22 1.0
640 22 1.0
619 22 1.0
625 22 1.0
644 23 1.0
679 24 1.0
673 24 1.0
687 24 1.0
683 24 1.0
692 24 1.0
689 24 1.0
677 24 1.0
705 25 1.0
738 26 1.0
735 26 1.0
768 27 1.0
757 27 1.0
756 27 1.0
800 28 1.0
793 28 1.0
821 29 1.0
834 29 1.0
849 30 1.0
851 30 1.0
895 31 1.0
875 31 1.0
886 31 1.0
905 32 1.0
911 32 1.0
907 32 1.0
932 33 1.0
936 33 1.0
942 33 1.0
944 33 1.0
958 34 1.0
972 34 1.0
974 34 1.0
999 35 1.0
1022 36 1.0
1044 37 1.0
1037 37 1.0
1063 37 1.0
1089 38 1.0
1078 38 1.0
1080 38 1.0
1099 39 1.0
1117 39 1.0
1124 40 1.0
1129 40 1.0
1169 41 1.0
1162 41 1.0
1190 42 1.0
1183 42 1.0
1210 43 1.0
1227 43 1.0
1251 44 1.0
1247 44 1.0
1259 44 1.0
1274 45 1.0
1281 45 1.0
1282 45 1.0
1277 45 1.0
1297 46 1.0
1308 46 1.0
1315 46 1.0
1318 47 1.0
1335 47 1.0
1354 48 1.0
1378 49 1.0
1380 49 1.0
1426 50 1.0
1420 50 1.0
1413 50 1.0
1418 50 1.0
1404 50 1.0
1439 51 1.0
1448 51 1.0
1435 51 1.0
1447 51 1.0
1456 52 1.0
1465 52 1.0
1462 52 1.0
1479 52 1.0
1503 53 1.0
1485 53 1.0
1487 53 1.0
1490 53 1.0
1536 54 1.0
1522 54 1.0
1517 54 1.0
1545 55 1.0
1542 55 1.0
1566 55 1.0
1568 56 0.0
1623 57 0.0
1608 57 0.0
1645 58 0.0
1650 58 0.0
1636 58 0.0
1653 59 0.0
1675 59 0.0
1678 59 0.0
1655 59 0.0
1691 60 0.0
1705 60 0.0
1710 61 0.0
1733 61 0.0
1753 62 0.0
1740 62 0.0
1754 62 0.0
1747 62 0.0
1767 63 0.0
1764 63 0.0
1766 63 0.0
1796 64 0.0
1811 64 0.0
1829 65 0.0
1838 65 0.0
1824 65 0.0
1873 66 0.0
1870 66 0.0
1851 66 0.0
1866 66 0.0
1896 67 0.0
1877 67 0.0
1908 68 0.0
1911 68 0.0
1936 69 0.0
1952 69 0.0
1943 69 0.0
1984 70 0.0
2012 71 0.0
1998 71 0.0
2014 71 0.0
2018 72 0.0
2035 72 0.0
2054 73 0.0
2065 73 0.0
2060 73 0.0
2073 74 0.0
2121 75 0.0
2123 75 0.0
2139 76 0.0
2137 76 0.0
2130 76 0.0
2169 77 0.0
2156 77 0.0
2200 78 0.0
2216 79 0.0
2242 80 0.0
2253 80 0.0
2267 80 0.0
2276 81 0.0
2281 81 0.0
2321 82 0.0
2311 82 0.0
2325 83 0.0
2324 83 0.0
2344 83 0.0
2368 84 1.0
2360 84 1.0
2384 85 1.0
2381 85 1.0
2430 86 1.0
2432 86 1.0
2461 87 1.0
2463 87 1.0
2470 88 1.0
2497 89 1.0
2492 89 1.0
2513 89 1.0
2540 90 1.0
2548 91 1.0
2572 91 1.0
2576 92 1.0
2613 93 1.0
2618 93 1.0
2617 93 1.0
2644 94 1.0
2659 94 1.0
2680 95 1.0
2660 95 1.0
2685 95 1.0
2692 96 1.0
2698 96 1.0
2721 97 1.0
2757 98 1.0
2764 98 1.0
2773 99 1.0
2780 99 1.0
2827 100 1.0
2806 100 1.0
2835 101 1.0
2868 102 1.0
2893 103 1.0
2896 103 1.0
2927 104 1.0
2933 104 1.0
2945 105 1.0
2965 105 1.0
2968 106 1.0
2994 106 1.0
3019 107 1.0
3003 107 1.0
3032 108 1.0
3035 108 1.0
3074 109 1.0
3070 109 1.0
3056 109 1.0
3068 109 1.0
3100 110 1.0
3133 111 1.0
3113 111 1.0
3156 112 0.0
3143 112 0.0
3149 112 0.0
3178 113 0.0
3164 113 0.0
3182 113 0.0
3194 114 0.0
3249 116 0.0
3366 120 0.0
3416 122 0.0
3437 122 0.0
3469 123 0.0
3594 128 0.0
3656 130 0.0
3704 132 0.0
3730 133 0.0
3751 133 0.0
3934 140 1.0
4056 144 1.0
4122 147 1.0
4381 156 1.0
4414 157 1.0
4569 163 1.0
4602 164 1.0
676 24 1.0
1685 60 0.0
2237 79 0.0
 fin motif
