# 0 0 target:0 c+:51 c-:49 score:98.38031635951016 score+:1337.9723024893376 score-:3030.113743872912 nb:27 =l_0c_15 l_0c_75 l_0c_76 l_0c_74 l_0c_53 l_0c_93 l_0c_115 l_0c_96 l_0c_27 l_0c_56 l_0c_41 l_0c_109 l_0c_46 l_0c_17 l_0c_31 l_0c_49 l_0c_80 l_0c_71 l_0c_19 l_0c_107 l_0c_82 l_0c_34 l_0c_79 l_0c_61 l_0c_86 l_0c_92 l_0c_8 
1152 41
1176 42
1208 43
1243 44
1276 45
1304 46
1320 47
1454 51
1469 52
1496 53
1553 55
1587 56
1614 57
1627 58
1658 59
1700 60
1717 61
1736 62
1779 63
1804 64
1841 65
1862 66
1893 67
1919 68
1944 69
1977 70
1999 71
2026 72
2064 73
2103 75
2227 79
2249 80
2287 81
2312 82
2332 83
2374 84
2401 85
2417 86
2493 89
2530 90
2583 92
2631 93
2649 94
2678 95
2710 96
2723 97
2754 98
2801 100
2839 101
2876 102
2894 103
2916 104
2946 105
2981 106
3011 107
3038 108
3060 109
3089 110
3114 111
3138 112
3174 113
3203 114
3224 115
3258 116
3297 117
3321 118
3344 119
3370 120
3415 121
3440 122
3493 124
3500 125
3545 126
3556 127
3587 128
3618 129
3653 130
3678 131
3705 132
3734 133
3755 134
3782 135
3822 136
3844 137
3920 140
3979 142
4057 144
4109 146
4118 147
4217 150
4231 151
4256 152
4315 154
4375 156
4425 158
4484 160
4535 161
4705 168
4808 171
4879 174
# 1 1 target:0 c+:74 c-:53 score:84.39907779046177 score+:2182.8721032508547 score-:3685.175687921074 nb:28 =l_0c_113 l_0c_75 l_0c_76 l_0c_74 l_0c_109 l_0c_53 l_0c_93 l_0c_115 l_0c_96 l_0c_46 l_0c_17 l_0c_31 l_0c_27 l_0c_87 l_0c_100 l_0c_45 l_0c_66 l_0c_108 l_0c_83 l_0c_85 l_0c_99 l_0c_20 l_0c_41 l_0c_12 l_0c_56 l_0c_15 l_0c_24 l_0c_9 
1343 47
1360 48
1376 49
1425 50
1444 51
1471 52
1484 53
1524 54
1544 55
1569 56
1618 57
1629 58
1652 59
1684 60
1708 61
1741 62
1780 63
1802 64
1821 65
1859 66
1876 67
1905 68
1960 70
1990 71
2020 72
2051 73
2076 74
2101 75
2132 76
2162 77
2187 78
2214 79
2245 80
2269 81
2297 82
2350 83
2353 84
2383 85
2408 86
2440 87
2475 88
2498 89
2542 90
2562 91
2598 92
2605 93
2663 95
2688 96
2726 97
2750 98
2776 99
2820 100
2837 101
2863 102
2892 103
2914 104
2959 105
2989 106
3007 107
3025 108
3064 109
3082 110
3117 111
3177 113
3201 114
3227 115
3252 116
3289 117
3320 118
3332 119
3379 120
3399 121
3426 122
3452 123
3490 124
3519 125
3548 126
3558 127
3600 128
3620 129
3677 131
3697 132
3744 133
3758 134
3791 135
3816 136
3841 137
3869 138
3896 139
3930 140
3963 141
3980 142
4010 143
4043 144
4068 145
4099 146
4130 147
4162 148
4194 149
4203 150
4245 151
4296 153
4329 154
4355 155
4405 157
4433 158
4494 160
4517 161
4562 162
4582 163
4593 164
4620 165
4672 166
4691 167
4723 168
4751 169
4770 170
4801 171
4860 173
4893 174
4911 175
4996 178
5067 180
5081 181
5184 185
5255 187
1093 39
2384 85
2572 91
# 2 2 target:0 c+:96 c-:51 score:37.59127415651113 score+:572.4404701991458 score-:722.8055668251903 nb:5 =l_0c_36 l_0c_114 l_0c_120 l_0c_4 l_0c_0 
9 0
35 1
77 2
87 3
122 4
165 5
142 5
174 6
181 6
382 13
411 14
422 15
477 17
535 19
584 20
609 21
629 22
658 23
680 24
726 25
738 26
781 27
799 28
837 29
866 30
875 31
913 32
927 33
999 35
1030 36
1057 37
1073 38
1102 39
1137 40
1154 41
1199 42
1212 43
1252 44
1282 45
1325 47
1350 48
1412 50
1436 51
1467 52
1523 54
1568 56
1600 57
1628 58
1699 60
1716 61
1752 62
1812 64
1843 65
1849 66
1887 67
1911 68
1936 69
1978 70
2001 71
2037 72
2073 74
2115 75
2144 76
2159 77
2200 78
2229 79
2240 80
2329 83
2378 84
2389 85
2418 86
2444 87
2473 88
2502 89
2529 90
2566 91
2595 92
2651 94
2685 95
2705 96
2716 97
2758 98
2780 99
2841 101
2860 102
2888 103
2940 105
2971 106
3015 107
3036 108
3065 109
3165 113
3382 120
3406 121
3468 123
3604 128
3630 129
3645 130
16 0
80 2
109 3
125 4
140 5
176 6
197 7
206 7
235 8
267 9
292 10
327 11
343 12
376 13
414 14
394 14
434 15
454 16
472 16
482 17
512 18
543 19
565 20
618 22
647 23
672 24
703 25
745 26
759 27
766 27
814 29
831 29
845 30
891 31
916 32
930 33
978 34
982 35
1021 36
1038 37
1070 38
1096 39
1141 40
1232 44
1270 45
1306 46
1347 48
1372 49
1410 50
1453 51
1461 52
1488 53
1546 55
1570 56
1640 58
1669 59
1690 60
1774 63
1801 64
1828 65
1861 66
1892 67
1914 68
1937 69
1961 70
1989 71
2027 72
2046 73
2087 74
2142 76
2164 77
2198 78
2221 79
2243 80
2278 81
2318 82
2296 82
2400 85
2421 86
2443 87
2484 88
2596 92
2614 93
2646 94
2677 95
2690 96
2756 98
2784 99
2808 100
2928 104
2941 105
2982 106
3002 107
3031 108
3097 110
3111 111
3168 113
3219 114
3225 115
3266 116
3296 117
3317 118
3356 119
3361 120
3410 121
3430 122
3454 123
3476 124
3544 126
3563 127
3595 128
3622 129
3675 131
3737 133
3805 135
3877 138
3939 140
3971 141
3993 142
4005 143
4038 144
4065 145
4127 147
4159 148
4181 149
4226 150
4253 151
4347 155
401 14
517 18
639 22
698 24
704 25
884 31
926 33
1078 38
1114 39
1833 65
2021 72
2242 80
2309 82
2388 85
2497 89
2618 93
2692 96
2764 98
2806 100
1271 45
1302 46
1448 51
1456 52
1490 53
1767 63
1826 65
2023 72
2281 81
2773 99
2952 105
2994 106
3068 109
3149 112
3182 113
3249 116
3437 122
3704 132
3934 140
723 25
2653 94
2672 95
3029 108
2039 72
3048 108
# 3 3 target:0 c+:96 c-:52 score:34.25208873256135 score+:533.7932045843745 score-:691.3528127541567 nb:6 =l_0c_14 l_0c_92 l_0c_88 l_0c_50 l_0c_38 l_0c_110 
9 0
35 1
77 2
87 3
122 4
165 5
142 5
174 6
181 6
382 13
411 14
422 15
477 17
535 19
584 20
609 21
629 22
658 23
680 24
726 25
738 26
781 27
799 28
837 29
866 30
875 31
913 32
927 33
999 35
1030 36
1057 37
1073 38
1102 39
1137 40
1154 41
1199 42
1212 43
1252 44
1282 45
1325 47
1350 48
1412 50
1436 51
1467 52
1523 54
1568 56
1600 57
1628 58
1699 60
1716 61
1752 62
1812 64
1843 65
1849 66
1887 67
1911 68
1936 69
1978 70
2001 71
2037 72
2073 74
2115 75
2144 76
2159 77
2200 78
2229 79
2240 80
2329 83
2378 84
2389 85
2418 86
2444 87
2473 88
2502 89
2529 90
2566 91
2595 92
2651 94
2685 95
2705 96
2716 97
2758 98
2780 99
2841 101
2860 102
2888 103
2940 105
2971 106
3015 107
3036 108
3065 109
3165 113
3382 120
3406 121
3468 123
3604 128
3630 129
3645 130
16 0
80 2
109 3
125 4
140 5
176 6
197 7
206 7
226 8
235 8
267 9
275 9
292 10
284 10
317 11
320 11
327 11
330 11
355 12
343 12
362 12
376 13
414 14
394 14
434 15
429 15
454 16
472 16
482 17
512 18
505 18
518 18
550 19
543 19
571 20
565 20
642 22
626 22
625 22
618 22
647 23
650 23
672 24
703 25
706 25
729 26
745 26
759 27
766 27
814 29
831 29
830 29
845 30
893 31
891 31
917 32
916 32
930 33
978 34
982 35
1021 36
1038 37
1070 38
1081 38
1098 39
1096 39
1141 40
1229 43
1206 43
1232 44
1270 45
1269 45
1306 46
1347 48
1372 49
1394 49
1410 50
1453 51
1457 52
1461 52
1488 53
1546 55
1570 56
1636 58
1640 58
1634 58
1678 59
1669 59
1690 60
1682 60
1720 61
1755 62
1745 62
1774 63
1801 64
1828 65
1824 65
1861 66
1866 66
1892 67
1914 68
1933 69
1937 69
1961 70
2012 71
1989 71
2027 72
2046 73
2054 73
2087 74
2154 76
2142 76
2164 77
2198 78
2221 79
2243 80
2278 81
2273 81
2318 82
2296 82
2334 83
2342 83
2397 85
2400 85
2421 86
2412 86
2443 87
2484 88
2522 90
2596 92
2585 92
2614 93
2646 94
2656 94
2677 95
2690 96
2698 96
2756 98
2784 99
2808 100
2873 102
2925 104
2928 104
2941 105
2982 106
3002 107
3031 108
3061 109
3097 110
3111 111
3168 113
3219 114
3225 115
3266 116
3296 117
3317 118
3356 119
3361 120
3410 121
3430 122
3454 123
3476 124
3544 126
3563 127
3595 128
3629 129
3622 129
3662 130
3675 131
3737 133
3805 135
3817 136
3850 137
3877 138
3892 139
3939 140
3971 141
3993 142
4005 143
4038 144
4065 145
4127 147
4122 147
4159 148
4181 149
4226 150
4253 151
4347 155
380 13
491 17
510 18
544 19
687 24
723 25
944 33
1063 37
1124 40
2659 94
2653 94
2672 95
3029 108
2039 72
3048 108
# 4 4 target:0 c+:19 c-:15 score:26.75082078976412 score+:264.20360279864775 score-:483.5603332747135 nb:12 =l_0c_57 l_0c_53 l_0c_27 l_0c_34 l_0c_43 l_0c_49 l_0c_88 l_0c_74 l_0c_93 l_0c_115 l_0c_61 l_0c_46 
383 13
463 16
533 19
1417 50
1536 54
1566 55
1753 62
1822 65
1870 66
1908 68
1943 69
2325 83
2461 87
3032 108
3074 109
3113 111
3143 112
3164 113
3730 133
4381 156
4414 157
4569 163
4602 164
1132 40
1251 44
1312 46
1439 51
1807 64
1884 67
1912 68
2014 71
2100 75
2288 81
2424 86
3035 108
1724 61
# 5 5 target:0 c+:96 c-:49 score:21.971066865023857 score+:906.7331456793423 score-:1073.7132538535236 nb:11 =l_0c_18 l_0c_92 l_0c_44 l_0c_5 l_0c_78 l_0c_102 l_0c_55 l_0c_118 l_0c_104 l_0c_10 l_0c_111 
234 8
289 10
329 11
347 12
389 13
407 14
432 15
450 16
464 16
486 17
495 17
516 18
548 19
568 20
580 20
589 21
636 22
659 23
676 24
707 25
732 26
770 27
811 28
827 29
817 29
856 30
885 31
914 32
928 33
968 34
980 35
1023 36
1054 37
1089 38
1074 38
1099 39
1107 39
1125 40
1179 42
1215 43
1236 44
1267 45
1307 46
1326 47
1363 48
1380 49
1418 50
1440 51
1466 52
1506 53
1521 54
1563 55
1590 56
1610 57
1624 58
1655 59
1691 60
1729 61
1748 62
1766 63
1805 64
1837 65
1869 66
1885 67
1915 68
1957 69
1981 70
2002 71
2024 72
2052 73
2099 74
2104 75
2139 76
2167 77
2201 78
2230 79
2256 80
2276 81
2299 82
2324 83
2357 84
2382 85
2430 86
2463 87
2474 88
2470 88
2510 89
2540 90
2525 90
2574 91
2564 91
2576 92
2592 92
2617 93
2644 94
2674 95
2713 96
2721 97
2748 98
2783 99
2827 100
2848 101
2835 101
2883 102
2893 103
2926 104
2927 104
2956 105
2977 106
3003 107
3100 110
3184 113
3194 114
3366 120
3416 122
3469 123
3594 128
3656 130
3751 133
4056 144
9 0
35 1
77 2
87 3
122 4
165 5
142 5
174 6
181 6
382 13
411 14
422 15
477 17
535 19
584 20
609 21
629 22
658 23
680 24
726 25
738 26
781 27
799 28
837 29
866 30
875 31
913 32
927 33
999 35
1030 36
1057 37
1073 38
1102 39
1137 40
1154 41
1199 42
1212 43
1252 44
1282 45
1325 47
1350 48
1412 50
1436 51
1467 52
1523 54
1568 56
1600 57
1628 58
1699 60
1716 61
1752 62
1812 64
1843 65
1849 66
1887 67
1911 68
1936 69
1978 70
2001 71
2037 72
2073 74
2115 75
2144 76
2159 77
2200 78
2229 79
2240 80
2329 83
2378 84
2389 85
2418 86
2444 87
2473 88
2502 89
2529 90
2566 91
2595 92
2651 94
2685 95
2705 96
2716 97
2758 98
2780 99
2841 101
2860 102
2888 103
2940 105
2971 106
3015 107
3036 108
3065 109
3165 113
3382 120
3406 121
3468 123
3604 128
3630 129
3645 130
16 0
80 2
109 3
125 4
140 5
176 6
197 7
206 7
235 8
267 9
292 10
320 11
327 11
343 12
362 12
376 13
414 14
394 14
434 15
429 15
454 16
472 16
482 17
512 18
505 18
550 19
543 19
565 20
642 22
618 22
647 23
650 23
672 24
703 25
706 25
745 26
759 27
766 27
814 29
831 29
830 29
845 30
893 31
891 31
917 32
916 32
930 33
978 34
982 35
1021 36
1038 37
1070 38
1081 38
1096 39
1141 40
1232 44
1270 45
1306 46
1347 48
1372 49
1394 49
1410 50
1453 51
1457 52
1461 52
1488 53
1546 55
1570 56
1640 58
1669 59
1690 60
1774 63
1801 64
1828 65
1824 65
1861 66
1866 66
1892 67
1914 68
1933 69
1937 69
1961 70
2012 71
1989 71
2027 72
2046 73
2054 73
2087 74
2154 76
2142 76
2164 77
2198 78
2221 79
2243 80
2278 81
2318 82
2296 82
2334 83
2397 85
2400 85
2421 86
2443 87
2484 88
2596 92
2614 93
2646 94
2677 95
2690 96
2756 98
2784 99
2808 100
2873 102
2928 104
2941 105
2982 106
3002 107
3031 108
3097 110
3111 111
3168 113
3219 114
3225 115
3266 116
3296 117
3317 118
3356 119
3361 120
3410 121
3430 122
3454 123
3476 124
3544 126
3563 127
3595 128
3622 129
3675 131
3737 133
3805 135
3877 138
3939 140
3971 141
3993 142
4005 143
4038 144
4065 145
4127 147
4159 148
4181 149
4226 150
4253 151
4347 155
1078 38
2692 96
380 13
491 17
510 18
544 19
687 24
723 25
944 33
1063 37
1124 40
2659 94
2653 94
2672 95
3029 108
2039 72
3048 108
# 6 6 target:0 c+:16 c-:12 score:20.924637727097345 score+:318.503290170691 score-:577.968797986698 nb:19 =l_0c_7 l_0c_109 l_0c_46 l_0c_45 l_0c_30 l_0c_20 l_0c_89 l_0c_91 l_0c_75 l_0c_76 l_0c_53 l_0c_27 l_0c_87 l_0c_100 l_0c_12 l_0c_42 l_0c_25 l_0c_80 l_0c_60 
849 30
941 33
1037 37
1130 40
1354 48
1608 57
1710 61
2035 72
2065 73
2548 91
1271 45
1302 46
1448 51
1456 52
1490 53
1767 63
1826 65
2023 72
2281 81
2773 99
2952 105
2994 106
3068 109
3149 112
3182 113
3249 116
3437 122
3704 132
3934 140
# 7 7 target:0 c+:96 c-:53 score:20.07121231953313 score+:328.2665271050367 score-:420.5941037748891 nb:6 =l_0c_3 l_0c_60 l_0c_80 l_0c_71 l_0c_8 l_0c_116 
234 8
289 10
329 11
347 12
384 13
389 13
407 14
392 14
432 15
437 15
450 16
464 16
486 17
488 17
495 17
516 18
514 18
548 19
556 19
568 20
580 20
561 20
589 21
612 21
640 22
636 22
646 23
659 23
676 24
677 24
701 25
707 25
741 26
732 26
768 27
770 27
807 28
811 28
827 29
817 29
856 30
851 30
885 31
909 32
914 32
911 32
928 33
974 34
972 34
968 34
980 35
1022 36
1023 36
1054 37
1089 38
1074 38
1099 39
1107 39
1117 39
1125 40
1120 40
1179 42
1215 43
1236 44
1267 45
1277 45
1278 45
1307 46
1326 47
1317 47
1371 48
1363 48
1380 49
1418 50
1440 51
1466 52
1485 53
1506 53
1521 54
1545 55
1563 55
1590 56
1610 57
1650 58
1624 58
1655 59
1691 60
1730 61
1729 61
1748 62
1766 63
1805 64
1829 65
1837 65
1873 66
1869 66
1885 67
1928 68
1915 68
1957 69
1952 69
1984 70
1981 70
2002 71
2005 71
2024 72
2028 72
2052 73
2056 73
2099 74
2104 75
2139 76
2167 77
2172 77
2201 78
2230 79
2267 80
2256 80
2276 81
2321 82
2299 82
2324 83
2357 84
2382 85
2425 86
2430 86
2463 87
2474 88
2470 88
2510 89
2540 90
2525 90
2574 91
2564 91
2576 92
2592 92
2617 93
2644 94
2674 95
2713 96
2721 97
2748 98
2783 99
2827 100
2848 101
2835 101
2868 102
2883 102
2893 103
2926 104
2927 104
2956 105
2945 105
2968 106
2977 106
3003 107
3100 110
3184 113
3194 114
3366 120
3416 122
3469 123
3594 128
3656 130
3751 133
4056 144
438 15
2882 102
9 0
35 1
77 2
87 3
122 4
165 5
142 5
174 6
181 6
382 13
411 14
422 15
477 17
535 19
584 20
609 21
629 22
658 23
680 24
726 25
738 26
781 27
799 28
837 29
866 30
875 31
913 32
927 33
999 35
1030 36
1057 37
1073 38
1102 39
1137 40
1154 41
1199 42
1212 43
1252 44
1282 45
1325 47
1350 48
1412 50
1436 51
1467 52
1523 54
1568 56
1600 57
1628 58
1699 60
1716 61
1752 62
1812 64
1843 65
1849 66
1887 67
1911 68
1936 69
1978 70
2001 71
2037 72
2073 74
2115 75
2144 76
2159 77
2200 78
2229 79
2240 80
2329 83
2378 84
2389 85
2418 86
2444 87
2473 88
2502 89
2529 90
2566 91
2595 92
2651 94
2685 95
2705 96
2716 97
2758 98
2780 99
2841 101
2860 102
2888 103
2940 105
2971 106
3015 107
3036 108
3065 109
3165 113
3382 120
3406 121
3468 123
3604 128
3630 129
3645 130
16 0
80 2
109 3
125 4
140 5
176 6
197 7
206 7
226 8
235 8
267 9
275 9
292 10
284 10
317 11
320 11
327 11
330 11
355 12
343 12
362 12
376 13
414 14
394 14
434 15
429 15
454 16
472 16
482 17
512 18
505 18
518 18
550 19
543 19
571 20
565 20
642 22
626 22
625 22
618 22
647 23
650 23
672 24
703 25
706 25
729 26
745 26
759 27
766 27
814 29
831 29
830 29
845 30
893 31
891 31
917 32
916 32
930 33
978 34
982 35
1021 36
1038 37
1070 38
1081 38
1098 39
1096 39
1141 40
1229 43
1206 43
1232 44
1238 44
1270 45
1269 45
1306 46
1347 48
1372 49
1394 49
1410 50
1453 51
1465 52
1457 52
1461 52
1488 53
1546 55
1570 56
1636 58
1640 58
1634 58
1678 59
1669 59
1690 60
1682 60
1720 61
1755 62
1745 62
1774 63
1801 64
1828 65
1824 65
1861 66
1866 66
1892 67
1914 68
1933 69
1937 69
1961 70
2012 71
1989 71
2027 72
2046 73
2054 73
2087 74
2154 76
2142 76
2164 77
2198 78
2221 79
2243 80
2278 81
2273 81
2318 82
2296 82
2334 83
2342 83
2397 85
2400 85
2421 86
2412 86
2443 87
2484 88
2522 90
2596 92
2585 92
2614 93
2646 94
2656 94
2677 95
2690 96
2698 96
2756 98
2784 99
2808 100
2873 102
2925 104
2928 104
2941 105
2982 106
3002 107
3031 108
3061 109
3097 110
3111 111
3168 113
3219 114
3225 115
3266 116
3296 117
3317 118
3356 119
3361 120
3410 121
3430 122
3454 123
3476 124
3544 126
3563 127
3595 128
3629 129
3622 129
3662 130
3675 131
3737 133
3805 135
3817 136
3850 137
3877 138
3892 139
3939 140
3971 141
3993 142
4005 143
4038 144
4065 145
4127 147
4122 147
4159 148
4181 149
4226 150
4253 151
4347 155
13 0
41 1
88 3
119 4
177 6
522 18
525 18
572 20
661 23
713 25
721 25
834 29
849 30
905 32
941 33
939 33
1037 37
1129 40
1130 40
1160 41
1183 42
1281 45
1297 46
1318 47
1354 48
1487 53
1522 54
1542 55
1608 57
1710 61
1740 62
1817 64
1796 64
1838 65
1847 65
1868 66
2035 72
2065 73
2061 73
2130 76
2156 77
2253 80
2360 84
2432 86
2513 89
2548 91
2613 93
3056 109
3133 111
3156 112
723 25
2653 94
2672 95
# 8 8 target:0 c+:73 c-:53 score:15.44119192056641 score+:349.0901566640076 score-:420.11963949861314 nb:6 =l_0c_24 l_0c_79 l_0c_80 l_0c_71 l_0c_107 l_0c_82 
1343 47
1360 48
1376 49
1425 50
1444 51
1471 52
1484 53
1524 54
1544 55
1569 56
1618 57
1629 58
1652 59
1684 60
1708 61
1741 62
1780 63
1802 64
1821 65
1859 66
1876 67
1905 68
1960 70
1990 71
2020 72
2051 73
2076 74
2101 75
2132 76
2162 77
2187 78
2214 79
2245 80
2269 81
2297 82
2350 83
2353 84
2383 85
2408 86
2440 87
2475 88
2498 89
2542 90
2562 91
2598 92
2605 93
2663 95
2688 96
2726 97
2750 98
2776 99
2820 100
2837 101
2863 102
2892 103
2914 104
2959 105
2989 106
3007 107
3025 108
3064 109
3082 110
3117 111
3177 113
3201 114
3227 115
3252 116
3289 117
3320 118
3332 119
3379 120
3399 121
3426 122
3452 123
3490 124
3519 125
3548 126
3558 127
3600 128
3620 129
3677 131
3697 132
3744 133
3758 134
3791 135
3816 136
3841 137
3869 138
3896 139
3930 140
3963 141
3980 142
4010 143
4043 144
4068 145
4099 146
4130 147
4162 148
4194 149
4203 150
4245 151
4296 153
4329 154
4355 155
4405 157
4433 158
4494 160
4517 161
4562 162
4582 163
4593 164
4620 165
4672 166
4691 167
4723 168
4751 169
4770 170
4801 171
4860 173
4893 174
4911 175
4996 178
5067 180
5081 181
5184 185
5255 187
3029 108
# 9 9 target:0 c+:10 c-:8 score:14.078359905826169 score+:411.1788567114548 score-:771.5848703006048 nb:41 =l_0c_121 l_0c_7 l_0c_109 l_0c_46 l_0c_45 l_0c_30 l_0c_20 l_0c_89 l_0c_91 l_0c_75 l_0c_76 l_0c_53 l_0c_27 l_0c_87 l_0c_100 l_0c_12 l_0c_42 l_0c_101 l_0c_74 l_0c_93 l_0c_115 l_0c_96 l_0c_17 l_0c_31 l_0c_66 l_0c_108 l_0c_83 l_0c_85 l_0c_99 l_0c_41 l_0c_24 l_0c_56 l_0c_40 l_0c_19 l_0c_3 l_0c_5 l_0c_80 l_0c_71 l_0c_116 l_0c_51 l_0c_44 
1144 40
1162 41
1227 43
1272 45
1308 46
1705 60
1811 64
1851 66
1896 67
1941 69
2018 72
2060 73
2344 83
2368 84
2896 103
2933 104
2965 105
3019 107
# 10 0 target:1 c+:29 c-:4 score:28.261280574097427 score+:484.73907541034805 score-:168.21273298045702 nb:17 =l_0c_36 l_0c_114 l_0c_120 l_0c_69 l_0c_92 l_0c_44 l_0c_78 l_0c_111 l_0c_55 l_0c_104 l_0c_10 l_0c_97 l_0c_48 l_0c_4 l_0c_107 l_0c_0 l_0c_79 
9 0
35 1
77 2
87 3
122 4
165 5
181 6
2566 91
414 14
472 16
543 19
759 27
814 29
2318 82
401 14
517 18
639 22
698 24
704 25
884 31
926 33
1078 38
1114 39
1833 65
2021 72
2242 80
2309 82
2388 85
2497 89
2618 93
2692 96
2764 98
2806 100
723 25
2672 95
3029 108
2039 72
3048 108
# 11 1 target:1 c+:31 c-:5 score:23.60958503953695 score+:411.3633212789007 score-:175.2674708835313 nb:15 =l_0c_43 l_0c_14 l_0c_80 l_0c_71 l_0c_74 l_0c_8 l_0c_92 l_0c_93 l_0c_115 l_0c_61 l_0c_88 l_0c_34 l_0c_27 l_0c_53 l_0c_116 
38 1
96 3
129 4
167 5
195 6
226 8
284 10
317 11
353 12
355 12
518 18
571 20
626 22
729 26
1206 43
1238 44
1269 45
1426 50
1447 51
1465 52
1636 58
1653 59
1678 59
1745 62
2342 83
2522 90
2585 92
3061 109
3892 139
4122 147
380 13
491 17
510 18
544 19
687 24
944 33
1063 37
1124 40
2659 94
# 12 2 target:1 c+:53 c-:16 score:23.184886617867406 score+:1466.0729369336752 score-:1053.3819551356355 nb:28 =l_0c_91 l_0c_75 l_0c_76 l_0c_109 l_0c_53 l_0c_46 l_0c_27 l_0c_87 l_0c_100 l_0c_45 l_0c_30 l_0c_20 l_0c_89 l_0c_42 l_0c_101 l_0c_74 l_0c_93 l_0c_115 l_0c_96 l_0c_17 l_0c_31 l_0c_66 l_0c_108 l_0c_83 l_0c_85 l_0c_99 l_0c_24 l_0c_12 
392 14
437 15
488 17
514 18
556 19
640 22
677 24
768 27
911 32
2267 80
13 0
41 1
88 3
119 4
177 6
201 7
229 8
276 9
307 10
325 11
337 12
365 13
522 18
525 18
513 18
553 19
572 20
661 23
713 25
721 25
760 27
834 29
849 30
905 32
901 32
902 32
941 33
939 33
1037 37
1144 40
1129 40
1130 40
1147 40
1160 41
1162 41
1183 42
1227 43
1272 45
1281 45
1308 46
1299 46
1297 46
1335 47
1318 47
1354 48
1487 53
1522 54
1542 55
1608 57
1705 60
1733 61
1710 61
1740 62
1817 64
1796 64
1811 64
1838 65
1847 65
1868 66
1851 66
1896 67
1942 69
1941 69
2018 72
2035 72
2065 73
2061 73
2060 73
2130 76
2156 77
2253 80
2344 83
2360 84
2368 84
2432 86
2513 89
2548 91
2613 93
2896 103
2933 104
2965 105
3019 107
3056 109
3133 111
3156 112
1090 38
1111 39
1093 39
1754 62
2384 85
2572 91
# 13 3 target:1 c+:21 c-:0 score:20.129738008154266 score+:297.92012252068304 score-:0 nb:23 =l_0c_30 l_0c_109 l_0c_46 l_0c_18 l_0c_92 l_0c_44 l_0c_5 l_0c_78 l_0c_111 l_0c_102 l_0c_55 l_0c_118 l_0c_104 l_0c_10 l_0c_87 l_0c_80 l_0c_71 l_0c_8 l_0c_53 l_0c_116 l_0c_51 l_0c_25 l_0c_27 
464 16
580 20
2430 86
2474 88
2510 89
2525 90
2564 91
2576 92
2926 104
2956 105
1078 38
2692 96
380 13
491 17
510 18
544 19
687 24
944 33
1063 37
1124 40
2659 94
# 14 4 target:1 c+:10 c-:0 score:10.074643041171282 score+:106.79121623641555 score-:0 nb:16 =l_0c_121 l_0c_101 l_0c_64 l_0c_44 l_0c_5 l_0c_38 l_0c_78 l_0c_111 l_0c_102 l_0c_40 l_0c_80 l_0c_71 l_0c_8 l_0c_116 l_0c_51 l_0c_3 
13 0
41 1
88 3
119 4
177 6
1147 40
723 25
2653 94
2672 95
3029 108
# 15 5 target:1 c+:11 c-:0 score:8.737620152422965 score+:244.65336426784322 score-:0 nb:45 =l_0c_54 l_0c_107 l_0c_92 l_0c_44 l_0c_5 l_0c_38 l_0c_78 l_0c_111 l_0c_102 l_0c_64 l_0c_55 l_0c_122 l_0c_110 l_0c_118 l_0c_50 l_0c_104 l_0c_10 l_0c_18 l_0c_88 l_0c_23 l_0c_14 l_0c_114 l_0c_120 l_0c_97 l_0c_0 l_0c_4 l_0c_48 l_0c_69 l_0c_98 l_0c_36 l_0c_73 l_0c_123 l_0c_117 l_0c_13 l_0c_11 l_0c_79 l_0c_63 l_0c_80 l_0c_71 l_0c_8 l_0c_116 l_0c_51 l_0c_3 l_0c_40 l_0c_25 
9 0
35 1
77 2
87 3
122 4
165 5
181 6
2566 91
723 25
2672 95
3029 108
# 16 0 target:0 c+:51 c-:50 score:107.28589301832811 score+:574.2105500086873 score-:1325.211801136984 nb:10 =l_1c_126 l_1c_34 l_1c_15 l_1c_16 l_1c_75 l_1c_37 l_1c_100 l_1c_113 l_1c_62 l_1c_83 
1469 52
1841 65
2137 76
1152 41
1176 42
1208 43
1243 44
1276 45
1304 46
1320 47
1454 51
1496 53
1553 55
1587 56
1614 57
1627 58
1658 59
1700 60
1717 61
1736 62
1779 63
1804 64
1862 66
1893 67
1919 68
1944 69
1977 70
1999 71
2026 72
2064 73
2103 75
2227 79
2249 80
2287 81
2312 82
2332 83
2374 84
2401 85
2417 86
2493 89
2530 90
2583 92
2631 93
2649 94
2678 95
2710 96
2723 97
2754 98
2801 100
2839 101
2876 102
2894 103
2916 104
2946 105
2981 106
3011 107
3038 108
3060 109
3089 110
3114 111
3138 112
3174 113
3203 114
3224 115
3258 116
3297 117
3321 118
3344 119
3370 120
3415 121
3440 122
3493 124
3500 125
3545 126
3556 127
3587 128
3618 129
3653 130
3678 131
3705 132
3734 133
3755 134
3782 135
3822 136
3844 137
3920 140
3979 142
4057 144
4109 146
4118 147
4217 150
4231 151
4256 152
4315 154
4375 156
4425 158
4484 160
4535 161
4705 168
4808 171
4879 174
# 17 1 target:0 c+:76 c-:55 score:102.84969180504012 score+:512.6972443751978 score-:862.3861965123342 nb:4 =l_1c_69 l_1c_34 l_1c_126 l_1c_15 
2137 76
3258 116
3822 136
1343 47
1360 48
1376 49
1425 50
1444 51
1471 52
1484 53
1524 54
1544 55
1569 56
1618 57
1629 58
1652 59
1684 60
1708 61
1741 62
1780 63
1802 64
1821 65
1859 66
1876 67
1905 68
1960 70
1990 71
2020 72
2051 73
2076 74
2101 75
2162 77
2187 78
2214 79
2245 80
2269 81
2297 82
2350 83
2353 84
2383 85
2408 86
2440 87
2475 88
2498 89
2542 90
2562 91
2598 92
2605 93
2663 95
2688 96
2726 97
2750 98
2776 99
2820 100
2837 101
2863 102
2892 103
2914 104
2959 105
2989 106
3007 107
3025 108
3064 109
3082 110
3117 111
3177 113
3201 114
3227 115
3252 116
3289 117
3320 118
3332 119
3379 120
3399 121
3426 122
3452 123
3490 124
3519 125
3548 126
3558 127
3600 128
3620 129
3677 131
3697 132
3744 133
3758 134
3791 135
3816 136
3841 137
3869 138
3896 139
3930 140
3963 141
3980 142
4010 143
4043 144
4068 145
4099 146
4130 147
4162 148
4194 149
4203 150
4245 151
4296 153
4329 154
4355 155
4405 157
4433 158
4494 160
4517 161
4562 162
4582 163
4593 164
4620 165
4672 166
4691 167
4723 168
4751 169
4770 170
4801 171
4860 173
4893 174
4911 175
4996 178
5067 180
5081 181
5184 185
5255 187
533 19
1536 54
1566 55
2325 83
383 13
541 19
1426 50
1447 51
1653 59
1753 62
1822 65
1870 66
1908 68
1943 69
2461 87
3032 108
3074 109
3113 111
3143 112
3164 113
3730 133
4381 156
4414 157
4569 163
4602 164
# 18 2 target:0 c+:95 c-:52 score:49.06255706417028 score+:1754.584393982101 score-:2245.2099646238034 nb:15 =l_1c_78 l_1c_113 l_1c_121 l_1c_61 l_1c_114 l_1c_32 l_1c_82 l_1c_5 l_1c_36 l_1c_51 l_1c_111 l_1c_11 l_1c_10 l_1c_60 l_1c_91 
16 0
35 1
80 2
109 3
125 4
140 5
176 6
206 7
235 8
267 9
292 10
327 11
343 12
376 13
405 14
434 15
454 16
482 17
512 18
536 19
565 20
609 21
618 22
647 23
672 24
703 25
745 26
766 27
799 28
831 29
845 30
891 31
916 32
930 33
978 34
982 35
1021 36
1038 37
1070 38
1096 39
1141 40
1154 41
1199 42
1212 43
1232 44
1270 45
1306 46
1325 47
1347 48
1372 49
1410 50
1423 50
1453 51
1461 52
1488 53
1523 54
1546 55
1570 56
1600 57
1640 58
1669 59
1690 60
1716 61
1752 62
1774 63
1801 64
1806 64
1828 65
1861 66
1887 67
1892 67
1914 68
1937 69
1964 70
1961 70
1989 71
2039 72
2046 73
2087 74
2115 75
2142 76
2164 77
2198 78
2221 79
2243 80
2278 81
2296 82
2329 83
2378 84
2400 85
2421 86
2443 87
2473 88
2502 89
2529 90
2566 91
2596 92
2614 93
2646 94
2672 95
2690 96
2716 97
2756 98
2784 99
2808 100
2849 101
2865 102
2888 103
2928 104
2941 105
2982 106
3002 107
3048 108
3065 109
3097 110
3111 111
3168 113
3225 115
3266 116
3296 117
3317 118
3361 120
3410 121
3430 122
3454 123
3476 124
3544 126
3563 127
3598 128
3622 129
3645 130
3675 131
3737 133
3805 135
3877 138
3993 142
4005 143
4038 144
4065 145
4127 147
4181 149
4226 150
4253 151
195 6
226 8
275 9
284 10
320 11
317 11
355 12
362 12
414 14
429 15
472 16
518 18
508 18
543 19
550 19
571 20
642 22
650 23
729 26
759 27
814 29
830 29
893 31
917 32
1081 38
1206 43
1238 44
1269 45
1394 49
1457 52
1636 58
1678 59
1745 62
1933 69
2012 71
2334 83
2342 83
2397 85
2484 88
2522 90
2585 92
2653 94
2841 101
2860 102
2873 102
3029 108
3061 109
3219 114
3356 119
3595 128
3629 129
3662 130
3817 136
3850 137
3892 139
3971 141
4122 147
4159 148
4347 155
# 19 3 target:0 c+:14 c-:15 score:42.71639037509964 score+:402.26181890674115 score-:1008.8345622331559 nb:22 =l_1c_71 l_1c_75 l_1c_113 l_1c_62 l_1c_83 l_1c_23 l_1c_21 l_1c_7 l_1c_24 l_1c_105 l_1c_63 l_1c_37 l_1c_127 l_1c_96 l_1c_0 l_1c_34 l_1c_104 l_1c_70 l_1c_106 l_1c_52 l_1c_15 l_1c_8 
1132 40
1251 44
1312 46
1439 51
1724 61
1807 64
1884 67
1912 68
2014 71
2100 75
2288 81
2424 86
3035 108
1271 45
1302 46
1448 51
1456 52
1490 53
1767 63
1826 65
2023 72
2281 81
2773 99
2952 105
2994 106
3068 109
3149 112
3182 113
3249 116
3437 122
3704 132
3934 140
# 20 4 target:0 c+:0 c-:4 score:15.652264601884156 score+:0 score-:128.34856973545004 nb:12 =l_1c_0 l_1c_113 l_1c_62 l_1c_34 l_1c_69 l_1c_105 l_1c_106 l_1c_75 l_1c_83 l_1c_23 l_1c_104 l_1c_24 
2137 76
1824 65
1866 66
2054 73
# 21 5 target:0 c+:96 c-:49 score:15.005720549321026 score+:449.6600093668946 score-:509.6828915641787 nb:5 =l_1c_124 l_1c_113 l_1c_8 l_1c_107 l_1c_23 
4 0
21 0
16 0
32 1
40 1
35 1
34 1
63 2
80 2
109 3
101 3
123 4
125 4
114 4
138 4
143 5
140 5
155 5
180 6
190 6
184 6
176 6
170 6
219 7
206 7
213 7
204 7
244 8
249 8
235 8
267 9
262 9
300 10
298 10
303 10
292 10
326 11
331 11
327 11
322 11
328 11
360 12
356 12
343 12
366 13
368 13
376 13
394 14
405 14
434 15
422 15
454 16
458 16
451 16
473 16
489 17
494 17
482 17
512 18
507 18
536 19
557 19
535 19
563 20
565 20
584 20
609 21
608 21
618 22
638 22
629 22
663 23
658 23
647 23
672 24
674 24
679 24
723 25
703 25
708 25
736 26
745 26
780 27
766 27
796 28
799 28
784 28
786 28
804 28
831 29
828 29
835 29
845 30
867 30
865 30
871 31
891 31
916 32
906 32
930 33
927 33
956 34
978 34
953 34
982 35
1005 35
1021 36
1015 36
1038 37
1039 37
1049 37
1084 38
1080 38
1070 38
1066 38
1073 38
1116 39
1097 39
1102 39
1096 39
1141 40
1138 40
1154 41
1161 41
1177 42
1192 42
1199 42
1211 43
1212 43
1232 44
1257 44
1252 44
1270 45
1265 45
1306 46
1295 46
1330 47
1325 47
1347 48
1357 48
1372 49
1402 50
1410 50
1423 50
1403 50
1436 51
1453 51
1458 52
1461 52
1467 52
1495 53
1488 53
1497 53
1523 54
1535 54
1551 55
1546 55
1570 56
1578 56
1617 57
1600 57
1640 58
1628 58
1649 58
1669 59
1654 59
1694 60
1690 60
1709 61
1716 61
1751 62
1752 62
1774 63
1770 63
1764 63
1812 64
1801 64
1806 64
1836 65
1828 65
1843 65
1861 66
1849 66
1903 67
1887 67
1892 67
1914 68
1917 68
1954 69
1937 69
1978 70
1964 70
1979 70
1961 70
1989 71
1993 71
2001 71
2025 72
2039 72
2046 73
2068 73
2087 74
2079 74
2088 74
2102 75
2115 75
2142 76
2136 76
2140 76
2177 77
2164 77
2159 77
2184 78
2198 78
2212 79
2221 79
2240 80
2243 80
2278 81
2275 81
2305 82
2296 82
2327 83
2329 83
2378 84
2352 84
2355 84
2386 85
2400 85
2434 86
2421 86
2418 86
2455 87
2443 87
2444 87
2473 88
2471 88
2509 89
2502 89
2504 89
2523 90
2535 90
2529 90
2566 91
2550 91
2596 92
2595 92
2620 93
2614 93
2639 94
2646 94
2672 95
2680 95
2690 96
2695 96
2705 96
2725 97
2716 97
2756 98
2762 98
2796 99
2784 99
2802 100
2808 100
2849 101
2847 101
2865 102
2880 102
2888 103
2909 103
2912 104
2928 104
2941 105
2940 105
2982 106
2971 106
3006 107
3002 107
3036 108
3048 108
3065 109
3071 109
3097 110
3081 110
3111 111
3165 113
3168 113
3225 115
3228 115
3266 116
3296 117
3317 118
3361 120
3382 120
3410 121
3406 121
3430 122
3468 123
3454 123
3476 124
3544 126
3563 127
3598 128
3604 128
3622 129
3630 129
3645 130
3657 130
3675 131
3737 133
3805 135
3868 138
3877 138
3939 140
3993 142
4005 143
4038 144
4065 145
4127 147
4181 149
4226 150
4253 151
275 9
414 14
472 16
543 19
650 23
759 27
814 29
917 32
2484 88
2653 94
2841 101
2860 102
3219 114
3356 119
3595 128
3971 141
4159 148
4347 155
# 22 6 target:0 c+:17 c-:10 score:10.78071182027518 score+:126.80032110985906 score-:176.3915954831249 nb:6 =l_1c_105 l_1c_113 l_1c_62 l_1c_55 l_1c_121 l_1c_61 
723 25
2039 72
2672 95
3048 108
38 1
96 3
129 4
167 5
463 16
1426 50
1447 51
1653 59
1753 62
1822 65
1870 66
1908 68
1943 69
2461 87
3032 108
3074 109
3113 111
3143 112
3164 113
3730 133
4381 156
4414 157
4569 163
4602 164
# 23 7 target:0 c+:123 c-:56 score:10.040553097363272 score+:165.5274610285295 score-:187.6166778427287 nb:2 =l_1c_100 l_1c_75 
146 5
159 5
181 6
334 11
337 12
384 13
389 13
380 13
392 14
424 15
464 16
488 17
514 18
510 18
556 19
544 19
561 20
577 20
566 20
612 21
605 21
619 22
640 22
661 23
644 23
677 24
673 24
687 24
714 25
741 26
768 27
800 28
805 28
807 28
813 29
847 30
851 30
889 31
895 31
911 32
907 32
921 32
936 33
932 33
941 33
974 34
999 35
1022 36
1037 37
1117 39
1120 40
1130 40
1147 40
1132 40
1210 43
1251 44
1278 45
1312 46
1324 47
1317 47
1354 48
1375 49
1439 51
1455 51
1435 51
1479 52
1487 53
1517 54
1545 55
1568 56
1623 57
1608 57
1641 58
1650 58
1675 59
1710 61
1724 61
1807 64
1829 65
1873 66
1884 67
1895 67
1911 68
1912 68
1928 68
1936 69
1952 69
1984 70
2014 71
2005 71
1998 71
2035 72
2065 73
2073 74
2100 75
2123 75
2146 76
2156 77
2244 80
2267 80
2288 81
2321 82
2311 82
2424 86
2548 91
2660 95
2757 98
2780 99
2868 102
2945 105
2968 106
3035 108
3178 113
157 5
505 18
706 25
13 0
41 1
88 3
119 4
177 6
201 7
229 8
276 9
307 10
325 11
365 13
437 15
513 18
522 18
553 19
572 20
713 25
760 27
905 32
902 32
948 33
1090 38
1089 38
1111 39
1144 40
1162 41
1179 42
1227 43
1281 45
1308 46
1299 46
1335 47
1418 50
1705 60
1733 61
1754 62
1766 63
1811 64
1838 65
1851 66
1896 67
1941 69
2018 72
2060 73
2130 76
2201 78
2230 79
2344 83
2368 84
2384 85
2463 87
2470 88
2540 90
2572 91
2592 92
2617 93
2644 94
2721 97
2827 100
2835 101
2896 103
2933 104
2965 105
3019 107
3100 110
3194 114
3366 120
3416 122
3469 123
3594 128
3656 130
3751 133
4056 144
4 0
18 0
21 0
16 0
32 1
40 1
35 1
34 1
63 2
80 2
104 3
109 3
101 3
123 4
125 4
132 4
114 4
138 4
143 5
140 5
155 5
180 6
174 6
190 6
184 6
176 6
170 6
219 7
206 7
213 7
204 7
244 8
249 8
235 8
267 9
262 9
300 10
298 10
303 10
292 10
326 11
331 11
327 11
322 11
328 11
360 12
356 12
343 12
366 13
368 13
376 13
394 14
405 14
434 15
422 15
454 16
458 16
451 16
473 16
489 17
491 17
494 17
482 17
512 18
507 18
536 19
557 19
535 19
563 20
565 20
584 20
609 21
608 21
618 22
638 22
629 22
663 23
658 23
647 23
696 24
672 24
674 24
679 24
723 25
703 25
708 25
736 26
745 26
738 26
780 27
766 27
796 28
799 28
784 28
786 28
804 28
831 29
828 29
835 29
845 30
867 30
865 30
871 31
875 31
891 31
916 32
906 32
930 33
944 33
927 33
956 34
978 34
953 34
982 35
1005 35
1021 36
1015 36
1038 37
1063 37
1039 37
1049 37
1084 38
1080 38
1070 38
1066 38
1073 38
1116 39
1097 39
1102 39
1096 39
1141 40
1138 40
1124 40
1166 41
1154 41
1161 41
1177 42
1192 42
1199 42
1211 43
1212 43
1232 44
1257 44
1252 44
1270 45
1265 45
1306 46
1295 46
1330 47
1325 47
1347 48
1357 48
1372 49
1420 50
1402 50
1410 50
1423 50
1403 50
1436 51
1453 51
1458 52
1461 52
1467 52
1495 53
1488 53
1497 53
1523 54
1535 54
1551 55
1546 55
1570 56
1578 56
1617 57
1600 57
1645 58
1640 58
1628 58
1649 58
1669 59
1654 59
1694 60
1690 60
1709 61
1716 61
1751 62
1752 62
1774 63
1770 63
1764 63
1812 64
1801 64
1806 64
1836 65
1828 65
1843 65
1861 66
1849 66
1903 67
1887 67
1892 67
1914 68
1917 68
1954 69
1937 69
1978 70
1964 70
1979 70
1961 70
1989 71
1993 71
2001 71
2025 72
2039 72
2046 73
2068 73
2087 74
2079 74
2088 74
2102 75
2121 75
2115 75
2142 76
2136 76
2140 76
2177 77
2164 77
2159 77
2200 78
2184 78
2198 78
2223 79
2212 79
2221 79
2240 80
2243 80
2278 81
2275 81
2305 82
2296 82
2327 83
2329 83
2378 84
2352 84
2355 84
2386 85
2400 85
2434 86
2421 86
2418 86
2455 87
2443 87
2444 87
2473 88
2471 88
2509 89
2502 89
2504 89
2523 90
2535 90
2529 90
2566 91
2550 91
2596 92
2595 92
2620 93
2614 93
2639 94
2646 94
2659 94
2672 95
2680 95
2685 95
2690 96
2695 96
2705 96
2725 97
2716 97
2756 98
2762 98
2796 99
2784 99
2802 100
2808 100
2849 101
2847 101
2865 102
2880 102
2888 103
2909 103
2912 104
2928 104
2941 105
2940 105
2982 106
2971 106
3006 107
3002 107
3036 108
3048 108
3065 109
3071 109
3097 110
3081 110
3111 111
3165 113
3168 113
3225 115
3228 115
3266 116
3296 117
3317 118
3361 120
3382 120
3410 121
3406 121
3430 122
3468 123
3454 123
3476 124
3544 126
3563 127
3598 128
3604 128
3622 129
3630 129
3645 130
3657 130
3675 131
3737 133
3805 135
3868 138
3877 138
3939 140
3993 142
4005 143
4038 144
4065 145
4127 147
4181 149
4226 150
4253 151
626 22
689 24
834 29
849 30
1034 36
1129 40
1183 42
1297 46
1318 47
1348 48
1378 49
1404 50
1469 52
1522 54
1542 55
1740 62
1796 64
1841 65
2137 76
2237 79
2253 80
2360 84
2430 86
2432 86
2474 88
2513 89
2499 89
2525 90
2576 92
2613 93
2713 96
2698 96
2738 97
3070 109
3056 109
3133 111
3156 112
1152 41
1176 42
1208 43
1243 44
1276 45
1304 46
1320 47
1454 51
1496 53
1553 55
1587 56
1614 57
1627 58
1658 59
1700 60
1717 61
1736 62
1779 63
1804 64
1862 66
1893 67
1919 68
1944 69
1977 70
1999 71
2026 72
2064 73
2103 75
2227 79
2249 80
2287 81
2312 82
2332 83
2374 84
2401 85
2417 86
2493 89
2530 90
2583 92
2631 93
2649 94
2678 95
2710 96
2723 97
2754 98
2801 100
2839 101
2876 102
2894 103
2916 104
2946 105
2981 106
3011 107
3038 108
3060 109
3089 110
3114 111
3138 112
3174 113
3203 114
3224 115
3258 116
3297 117
3321 118
3344 119
3370 120
3415 121
3440 122
3493 124
3500 125
3545 126
3556 127
3587 128
3618 129
3653 130
3678 131
3705 132
3734 133
3755 134
3782 135
3822 136
3844 137
3920 140
3979 142
4057 144
4109 146
4118 147
4217 150
4231 151
4256 152
4315 154
4375 156
4425 158
4484 160
4535 161
4705 168
4808 171
4879 174
1343 47
1360 48
1376 49
1425 50
1444 51
1471 52
1484 53
1524 54
1544 55
1569 56
1618 57
1629 58
1652 59
1684 60
1708 61
1741 62
1780 63
1802 64
1821 65
1859 66
1876 67
1905 68
1960 70
1990 71
2020 72
2051 73
2076 74
2101 75
2162 77
2187 78
2214 79
2245 80
2269 81
2297 82
2350 83
2353 84
2383 85
2408 86
2440 87
2475 88
2498 89
2542 90
2562 91
2598 92
2605 93
2663 95
2688 96
2726 97
2750 98
2776 99
2820 100
2837 101
2863 102
2892 103
2914 104
2959 105
2989 106
3007 107
3025 108
3064 109
3082 110
3117 111
3177 113
3201 114
3227 115
3252 116
3289 117
3320 118
3332 119
3379 120
3399 121
3426 122
3452 123
3490 124
3519 125
3548 126
3558 127
3600 128
3620 129
3677 131
3697 132
3744 133
3758 134
3791 135
3816 136
3841 137
3869 138
3896 139
3930 140
3963 141
3980 142
4010 143
4043 144
4068 145
4099 146
4130 147
4162 148
4194 149
4203 150
4245 151
4296 153
4329 154
4355 155
4405 157
4433 158
4494 160
4517 161
4562 162
4582 163
4593 164
4620 165
4672 166
4691 167
4723 168
4751 169
4770 170
4801 171
4860 173
4893 174
4911 175
4996 178
5067 180
5081 181
5184 185
5255 187
# 24 8 target:0 c+:86 c-:43 score:8.046166395162004 score+:274.5837932184962 score-:301.9407589620471 nb:4 =l_1c_34 l_1c_23 l_1c_113 l_1c_62 
146 5
159 5
181 6
334 11
337 12
384 13
389 13
380 13
392 14
424 15
464 16
488 17
514 18
510 18
556 19
544 19
561 20
577 20
566 20
612 21
605 21
619 22
640 22
661 23
644 23
677 24
673 24
687 24
714 25
741 26
768 27
800 28
805 28
807 28
813 29
847 30
851 30
889 31
895 31
911 32
907 32
921 32
936 33
932 33
941 33
974 34
999 35
1022 36
1037 37
1117 39
1120 40
1130 40
1147 40
1132 40
1210 43
1251 44
1278 45
1312 46
1324 47
1317 47
1354 48
1375 49
1439 51
1455 51
1435 51
1479 52
1487 53
1517 54
1545 55
1568 56
1623 57
1608 57
1641 58
1650 58
1675 59
1710 61
1724 61
1807 64
1829 65
1873 66
1884 67
1895 67
1911 68
1912 68
1928 68
1936 69
1952 69
1984 70
2014 71
2005 71
1998 71
2035 72
2065 73
2073 74
2100 75
2123 75
2146 76
2156 77
2244 80
2267 80
2288 81
2321 82
2311 82
2424 86
2548 91
2660 95
2757 98
2780 99
2868 102
2945 105
2968 106
3035 108
3178 113
157 5
505 18
706 25
13 0
41 1
88 3
119 4
177 6
201 7
229 8
276 9
307 10
325 11
365 13
437 15
513 18
522 18
553 19
572 20
713 25
760 27
905 32
902 32
948 33
1090 38
1089 38
1111 39
1144 40
1162 41
1179 42
1227 43
1281 45
1308 46
1299 46
1335 47
1418 50
1705 60
1733 61
1754 62
1766 63
1811 64
1838 65
1851 66
1896 67
1941 69
2018 72
2060 73
2130 76
2201 78
2230 79
2344 83
2368 84
2384 85
2463 87
2470 88
2540 90
2572 91
2592 92
2617 93
2644 94
2721 97
2827 100
2835 101
2896 103
2933 104
2965 105
3019 107
3100 110
3194 114
3366 120
3416 122
3469 123
3594 128
3656 130
3751 133
4056 144
626 22
689 24
834 29
849 30
1034 36
1129 40
1183 42
1297 46
1318 47
1348 48
1378 49
1404 50
1469 52
1522 54
1542 55
1740 62
1796 64
1841 65
2137 76
2237 79
2253 80
2360 84
2430 86
2432 86
2474 88
2513 89
2499 89
2525 90
2576 92
2613 93
2713 96
2698 96
2738 97
3070 109
3056 109
3133 111
3156 112
401 14
517 18
533 19
639 22
698 24
704 25
884 31
926 33
1072 38
1114 39
1271 45
1302 46
1448 51
1456 52
1465 52
1490 53
1536 54
1566 55
1767 63
1824 65
1833 65
1826 65
1866 66
2023 72
2021 72
2054 73
2242 80
2281 81
2309 82
2325 83
2388 85
2497 89
2618 93
2764 98
2773 99
2806 100
2952 105
2994 106
3068 109
3149 112
3182 113
3249 116
3437 122
3704 132
3934 140
38 1
96 3
129 4
167 5
195 6
226 8
284 10
320 11
317 11
355 12
362 12
429 15
518 18
508 18
550 19
571 20
642 22
729 26
830 29
893 31
1081 38
1206 43
1238 44
1269 45
1394 49
1457 52
1636 58
1678 59
1745 62
1933 69
2012 71
2334 83
2342 83
2397 85
2522 90
2585 92
2873 102
3061 109
3629 129
3662 130
3817 136
3850 137
3892 139
4122 147
# 25 0 target:1 c+:20 c-:1 score:32.36295084232171 score+:504.61409979537683 score-:45.06019783440873 nb:22 =l_1c_63 l_1c_113 l_1c_91 l_1c_100 l_1c_8 l_1c_107 l_1c_121 l_1c_61 l_1c_114 l_1c_36 l_1c_51 l_1c_111 l_1c_32 l_1c_82 l_1c_124 l_1c_95 l_1c_54 l_1c_43 l_1c_20 l_1c_57 l_1c_33 l_1c_11 
4 0
123 4
138 4
143 5
184 6
213 7
303 10
331 11
322 11
356 12
451 16
535 19
679 24
723 25
1080 38
2039 72
2471 88
2504 89
2672 95
2847 101
2880 102
3048 108
2484 88
2653 94
2841 101
2860 102
3029 108
# 26 1 target:1 c+:58 c-:17 score:31.693750924933568 score+:1169.406851985909 score-:814.4368416266532 nb:17 =l_1c_85 l_1c_113 l_1c_62 l_1c_83 l_1c_23 l_1c_96 l_1c_75 l_1c_37 l_1c_21 l_1c_127 l_1c_52 l_1c_104 l_1c_70 l_1c_24 l_1c_106 l_1c_34 l_1c_100 
146 5
334 11
337 12
389 13
392 14
464 16
488 17
514 18
510 18
556 19
640 22
661 23
677 24
714 25
741 26
768 27
851 30
911 32
941 33
974 34
1117 39
1120 40
1130 40
1147 40
1278 45
1354 48
1487 53
1517 54
1545 55
1623 57
1608 57
1710 61
1829 65
1952 69
2035 72
2065 73
2156 77
2267 80
2321 82
2548 91
13 0
41 1
88 3
119 4
177 6
201 7
229 8
276 9
307 10
325 11
365 13
437 15
513 18
522 18
553 19
572 20
713 25
760 27
905 32
902 32
948 33
1090 38
1089 38
1111 39
1144 40
1162 41
1227 43
1281 45
1308 46
1299 46
1335 47
1705 60
1733 61
1754 62
1811 64
1838 65
1851 66
1896 67
1941 69
2018 72
2060 73
2130 76
2344 83
2368 84
2384 85
2572 91
2896 103
2933 104
2965 105
3019 107
834 29
849 30
1129 40
1183 42
1297 46
1318 47
1378 49
1469 52
1522 54
1542 55
1740 62
1796 64
2253 80
2360 84
2432 86
2499 89
2613 93
3056 109
3133 111
3156 112
# 27 2 target:1 c+:24 c-:3 score:17.500296281152107 score+:212.93559808717455 score-:79.93334635041859 nb:11 =l_1c_124 l_1c_113 l_1c_8 l_1c_107 l_1c_37 l_1c_75 l_1c_100 l_1c_62 l_1c_83 l_1c_23 l_1c_104 
4 0
34 1
123 4
138 4
143 5
180 6
184 6
213 7
204 7
249 8
300 10
303 10
326 11
331 11
322 11
356 12
368 13
451 16
473 16
489 17
663 23
679 24
723 25
708 25
786 28
956 34
1039 37
1084 38
1080 38
1764 63
2079 74
2140 76
2471 88
2509 89
2504 89
2847 101
2880 102
# 28 3 target:1 c+:13 c-:2 score:16.968903884667373 score+:378.05547585805465 score-:137.09704069577805 nb:22 =l_1c_35 l_1c_113 l_1c_121 l_1c_61 l_1c_114 l_1c_36 l_1c_51 l_1c_111 l_1c_32 l_1c_82 l_1c_11 l_1c_91 l_1c_78 l_1c_10 l_1c_60 l_1c_5 l_1c_55 l_1c_95 l_1c_34 l_1c_100 l_1c_62 l_1c_23 
320 11
362 12
429 15
508 18
550 19
642 22
830 29
893 31
1081 38
1394 49
1457 52
1933 69
2334 83
2397 85
2873 102
# 29 4 target:1 c+:19 c-:5 score:13.208175934895294 score+:244.98255425499667 score-:152.52532271072965 nb:10 =l_1c_0 l_1c_113 l_1c_62 l_1c_34 l_1c_69 l_1c_55 l_1c_121 l_1c_61 l_1c_82 l_1c_114 
38 1
96 3
129 4
167 5
226 8
284 10
317 11
355 12
463 16
518 18
571 20
729 26
1206 43
1269 45
1636 58
1653 59
1678 59
1745 62
2342 83
2522 90
2585 92
3032 108
3061 109
3892 139
4122 147
# 30 5 target:1 c+:6 c-:0 score:8.58308927826093 score+:106.43030705043549 score-:0 nb:19 =l_1c_71 l_1c_75 l_1c_113 l_1c_62 l_1c_83 l_1c_23 l_1c_21 l_1c_85 l_1c_8 l_1c_37 l_1c_24 l_1c_127 l_1c_63 l_1c_7 l_1c_105 l_1c_96 l_1c_106 l_1c_104 l_1c_107 
510 18
911 32
723 25
698 24
1078 38
2692 96
# 31 0 target:0 c+:96 c-:52 score:36.1339002950011 score+:2726.4272887233283 score-:3478.012414859351 nb:33 =l_2c_61 l_2c_40 l_2c_32 l_2c_75 l_2c_84 l_2c_117 l_2c_50 l_2c_108 l_2c_15 l_2c_51 l_2c_74 l_2c_19 l_2c_4 l_2c_16 l_2c_6 l_2c_18 l_2c_70 l_2c_24 l_2c_12 l_2c_72 l_2c_9 l_2c_22 l_2c_126 l_2c_123 l_2c_102 l_2c_116 l_2c_127 l_2c_7 l_2c_104 l_2c_71 l_2c_42 l_2c_122 l_2c_2 
2039 72
3048 108
2 0
125 4
176 6
206 7
292 10
565 20
978 34
1861 66
2808 100
414 14
917 32
1098 39
1229 43
1720 61
1755 62
2273 81
2412 86
80 2
109 3
745 26
343 12
1774 63
1892 67
1961 70
853 30
1793 64
394 14
1962 70
2150 76
2255 80
53 1
40 1
140 5
244 8
275 9
328 11
366 13
425 15
507 18
546 19
613 21
629 22
674 24
726 25
718 25
780 27
804 28
828 29
870 31
906 32
927 33
1015 36
1073 38
1102 39
1141 40
1161 41
1192 42
1211 43
1246 44
1265 45
1295 46
1330 47
1347 48
1372 49
1410 50
1453 51
1467 52
1495 53
1535 54
1551 55
1578 56
1617 57
1634 58
1628 58
1664 59
1682 60
1694 60
1709 61
1746 62
1801 64
1843 65
1917 68
1954 69
1989 71
2068 73
2088 74
2102 75
2136 76
2159 77
2184 78
2212 79
2250 80
2275 81
2305 82
2327 83
2355 84
2386 85
2426 86
2455 87
2484 88
2512 89
2545 90
2535 90
2595 92
2614 93
2656 94
2672 95
2705 96
2725 97
2762 98
2796 99
2860 102
2909 103
2912 104
2971 106
3006 107
3071 109
3081 110
3165 113
3228 115
3382 120
3406 121
3468 123
3604 128
3630 129
3657 130
3868 138
3939 140
330 11
706 25
505 18
571 20
729 26
1269 45
1639 58
1745 62
2585 92
2925 104
3629 129
3662 130
3817 136
3850 137
3892 139
6 0
5 0
31 1
35 1
56 2
94 3
116 4
150 5
169 6
215 7
228 8
241 8
263 9
283 10
319 11
344 12
375 13
411 14
440 15
429 15
475 16
472 16
502 17
509 18
538 19
543 19
575 20
591 21
642 22
634 22
647 23
650 23
675 24
711 25
746 26
759 27
758 27
801 28
830 29
814 29
826 29
852 30
883 31
891 31
915 32
930 33
989 35
1012 36
1038 37
1069 38
1096 39
1121 40
1159 41
1185 42
1204 43
1206 43
1231 43
1233 44
1270 45
1309 46
1328 47
1349 48
1386 49
1394 49
1415 50
1429 51
1461 52
1488 53
1513 54
1558 55
1580 56
1582 56
1612 57
1626 58
1669 59
1683 60
1728 61
1739 62
1791 63
1799 64
1797 64
1828 65
1854 66
1889 67
1920 68
1914 68
1937 69
1970 70
1997 71
2038 72
2046 73
2087 74
2105 75
2154 76
2142 76
2164 77
2188 78
2198 78
2221 79
2251 80
2285 81
2296 82
2342 83
2333 83
2378 84
2400 85
2416 86
2443 87
2506 89
2511 89
2522 90
2529 90
2551 91
2566 91
2601 92
2627 93
2637 94
2702 96
2716 97
2749 98
2798 99
2818 100
2834 101
2890 103
2928 104
2950 105
2984 106
3002 107
3061 109
3066 109
3097 110
3116 111
3168 113
3218 114
3269 116
3280 117
3317 118
3375 120
3476 124
3563 127
3598 128
3680 131
3732 133
3971 141
4127 147
9 0
33 1
62 2
77 2
87 3
86 3
122 4
164 5
142 5
173 6
197 7
235 8
267 9
281 10
327 11
340 12
376 13
405 14
434 15
457 16
454 16
482 17
512 18
536 19
573 20
609 21
618 22
657 23
672 24
703 25
728 26
766 27
799 28
831 29
845 30
874 31
910 32
916 32
950 33
952 34
1002 35
982 35
1021 36
1018 36
1047 37
1070 38
1104 39
1135 40
1154 41
1199 42
1212 43
1235 44
1264 45
1306 46
1325 47
1350 48
1374 49
1423 50
1452 51
1446 51
1473 52
1494 53
1502 53
1523 54
1546 55
1570 56
1600 57
1640 58
1660 59
1690 60
1716 61
1752 62
1771 63
1806 64
1839 65
1856 66
1887 67
1946 69
1964 70
1994 71
2027 72
2055 73
2078 74
2115 75
2152 76
2182 77
2192 78
2224 79
2233 79
2243 80
2278 81
2329 83
2364 84
2391 85
2421 86
2439 87
2468 88
2502 89
2544 90
2549 91
2596 92
2609 93
2653 94
2690 96
2737 97
2717 97
2756 98
2784 99
2811 100
2841 101
2844 101
2888 103
2922 104
2941 105
2982 106
2999 107
3065 109
3093 110
3111 111
3187 113
3219 114
3225 115
3266 116
3296 117
3356 119
3361 120
3410 121
3430 122
3454 123
3487 124
3544 126
3595 128
3622 129
3645 130
3675 131
3737 133
3805 135
3877 138
3993 142
4005 143
4038 144
4065 145
4159 148
4181 149
4226 150
4253 151
4347 155
7 0
# 32 1 target:0 c+:21 c-:16 score:30.142059240419492 score+:487.4474794140611 score-:861.2090139952626 nb:19 =l_2c_111 l_2c_91 l_2c_121 l_2c_73 l_2c_85 l_2c_64 l_2c_57 l_2c_81 l_2c_87 l_2c_31 l_2c_38 l_2c_3 l_2c_80 l_2c_98 l_2c_114 l_2c_30 l_2c_35 l_2c_8 l_2c_76 
571 20
729 26
2925 104
3629 129
3662 130
3817 136
3850 137
1238 44
226 8
284 10
355 12
518 18
195 6
317 11
342 12
463 16
1259 44
1426 50
1447 51
1636 58
1678 59
1824 65
1870 66
1866 66
1908 68
1943 69
2012 71
2054 73
2242 80
2461 87
3032 108
3113 111
3143 112
3164 113
3730 133
4122 147
4381 156
4414 157
4569 163
4602 164
# 33 2 target:0 c+:119 c-:56 score:27.294780871539984 score+:760.4535809992185 score-:853.2558359624544 nb:4 =l_2c_59 l_2c_103 l_2c_5 l_2c_76 
518 18
626 22
61 2
112 4
146 5
181 6
195 6
196 7
249 8
236 8
300 10
316 11
334 11
317 11
336 12
337 12
342 12
368 13
383 13
424 15
464 16
463 16
477 17
522 18
552 19
533 19
541 19
577 20
605 21
633 22
619 22
625 22
644 23
673 24
692 24
689 24
705 25
735 26
757 27
800 28
793 28
821 29
834 29
849 30
895 31
907 32
932 33
972 34
999 35
1022 36
1037 37
1089 38
1099 39
1129 40
1183 42
1210 43
1247 44
1259 44
1282 45
1277 45
1297 46
1318 47
1354 48
1380 49
1426 50
1418 50
1404 50
1435 51
1447 51
1465 52
1462 52
1479 52
1485 53
1536 54
1522 54
1542 55
1566 55
1568 56
1608 57
1650 58
1636 58
1678 59
1655 59
1691 60
1710 61
1753 62
1740 62
1766 63
1796 64
1838 65
1824 65
1873 66
1870 66
1877 67
1908 68
1911 68
1936 69
1943 69
1984 70
2012 71
1998 71
2035 72
2065 73
2073 74
2123 75
2139 76
2137 76
2169 77
2200 78
2216 79
2253 80
2276 81
2311 82
2325 83
2324 83
2360 84
2432 86
2461 87
2463 87
2470 88
2513 89
2540 90
2548 91
2576 92
2613 93
2617 93
2644 94
2680 95
2660 95
2721 97
2757 98
2780 99
2827 100
2835 101
2868 102
2893 103
2927 104
2945 105
2968 106
3003 107
3032 108
3074 109
3070 109
3056 109
3100 110
3133 111
3113 111
3156 112
3143 112
3178 113
3164 113
3194 114
3366 120
3416 122
3469 123
3594 128
3656 130
3730 133
3751 133
4056 144
4122 147
4381 156
4414 157
4569 163
4602 164
407 14
676 24
1152 41
1685 60
2237 79
2382 85
2713 96
3227 115
3252 116
3289 117
3320 118
3332 119
3399 121
3490 124
3519 125
3548 126
3558 127
3620 129
3677 131
3697 132
3758 134
3791 135
3816 136
3841 137
3869 138
3896 139
3930 140
3963 141
3980 142
4010 143
4068 145
4099 146
4162 148
4194 149
4203 150
4245 151
4256 152
4296 153
4329 154
4355 155
4433 158
4494 160
4517 161
4562 162
4620 165
4672 166
4691 167
4723 168
4751 169
4770 170
4801 171
4860 173
4893 174
4911 175
4996 178
5067 180
5081 181
5184 185
5255 187
# 34 3 target:0 c+:0 c-:3 score:17.63406554869479 score+:0 score-:81.11670152399603 nb:6 =l_2c_109 l_2c_85 l_2c_5 l_2c_103 l_2c_59 l_2c_73 
1912 68
2100 75
2288 81
# 35 4 target:0 c+:91 c-:46 score:9.034033159156863 score+:185.7041071303349 score-:205.57898008048002 nb:2 =l_2c_57 l_2c_121 
2039 72
3048 108
2 0
125 4
176 6
206 7
292 10
565 20
978 34
1861 66
2808 100
414 14
917 32
1098 39
1229 43
1720 61
1755 62
2273 81
2412 86
80 2
109 3
745 26
343 12
1774 63
1892 67
1961 70
853 30
1793 64
394 14
1962 70
2150 76
2255 80
53 1
40 1
140 5
244 8
275 9
328 11
366 13
425 15
507 18
546 19
613 21
629 22
674 24
726 25
718 25
780 27
804 28
828 29
870 31
906 32
927 33
1015 36
1073 38
1102 39
1141 40
1161 41
1192 42
1211 43
1246 44
1265 45
1295 46
1330 47
1347 48
1372 49
1410 50
1453 51
1467 52
1495 53
1535 54
1551 55
1578 56
1617 57
1634 58
1628 58
1664 59
1682 60
1694 60
1709 61
1746 62
1801 64
1843 65
1917 68
1954 69
1989 71
2068 73
2088 74
2102 75
2136 76
2159 77
2184 78
2212 79
2250 80
2275 81
2305 82
2327 83
2355 84
2386 85
2426 86
2455 87
2484 88
2512 89
2545 90
2535 90
2595 92
2614 93
2656 94
2672 95
2705 96
2725 97
2762 98
2796 99
2860 102
2909 103
2912 104
2971 106
3006 107
3071 109
3081 110
3165 113
3228 115
3382 120
3406 121
3468 123
3604 128
3630 129
3657 130
3868 138
3939 140
330 11
706 25
505 18
571 20
729 26
1269 45
1639 58
1745 62
2585 92
2925 104
3629 129
3662 130
3817 136
3850 137
3892 139
16 0
32 1
458 16
557 19
754 26
784 28
1097 39
1232 44
2504 89
2880 102
320 11
617 22
893 31
1081 38
1457 52
1933 69
2334 83
2397 85
2873 102
313 11
364 13
480 17
531 18
995 35
1673 59
362 12
508 18
550 19
1238 44
535 19
723 25
2471 88
2847 101
473 16
451 16
1166 41
226 8
284 10
355 12
518 18
626 22
44 1
115 4
168 6
232 8
582 20
608 21
668 23
796 28
867 30
937 33
1798 64
1879 67
311 11
372 13
871 31
1222 43
2067 73
2901 103
8 0
13 0
48 1
41 1
38 1
61 2
96 3
88 3
112 4
129 4
119 4
143 5
146 5
167 5
184 6
181 6
177 6
195 6
185 6
196 7
213 7
201 7
249 8
229 8
236 8
257 9
276 9
300 10
303 10
307 10
316 11
334 11
325 11
317 11
331 11
322 11
336 12
337 12
342 12
356 12
368 13
365 13
383 13
380 13
373 13
392 14
437 15
424 15
464 16
463 16
477 17
491 17
522 18
510 18
552 19
533 19
556 19
541 19
544 19
577 20
572 20
605 21
633 22
640 22
619 22
625 22
644 23
679 24
673 24
687 24
683 24
692 24
689 24
677 24
705 25
738 26
735 26
768 27
757 27
756 27
800 28
793 28
821 29
834 29
849 30
851 30
895 31
875 31
886 31
905 32
911 32
907 32
932 33
936 33
942 33
944 33
958 34
972 34
974 34
999 35
1022 36
1044 37
1037 37
1063 37
1089 38
1078 38
1080 38
1099 39
1117 39
1124 40
1129 40
1169 41
1162 41
1190 42
1183 42
1210 43
1227 43
1251 44
1247 44
1259 44
1274 45
1281 45
1282 45
1277 45
1297 46
1308 46
1315 46
1318 47
1335 47
1354 48
1378 49
1380 49
1426 50
1420 50
1413 50
1418 50
1404 50
1439 51
1448 51
1435 51
1447 51
1456 52
1465 52
1462 52
1479 52
1503 53
1485 53
1487 53
1490 53
1536 54
1522 54
1517 54
1545 55
1542 55
1566 55
1568 56
1623 57
1608 57
1645 58
1650 58
1636 58
1653 59
1675 59
1678 59
1655 59
1691 60
1705 60
1710 61
1733 61
1753 62
1740 62
1754 62
1747 62
1767 63
1764 63
1766 63
1796 64
1811 64
1829 65
1838 65
1824 65
1873 66
1870 66
1851 66
1866 66
1896 67
1877 67
1908 68
1911 68
1936 69
1952 69
1943 69
1984 70
2012 71
1998 71
2014 71
2018 72
2035 72
2054 73
2065 73
2060 73
2073 74
2121 75
2123 75
2139 76
2137 76
2130 76
2169 77
2156 77
2200 78
2216 79
2242 80
2253 80
2267 80
2276 81
2281 81
2321 82
2311 82
2325 83
2324 83
2344 83
2368 84
2360 84
2384 85
2381 85
2430 86
2432 86
2461 87
2463 87
2470 88
2497 89
2492 89
2513 89
2540 90
2548 91
2572 91
2576 92
2613 93
2618 93
2617 93
2644 94
2659 94
2680 95
2660 95
2685 95
2692 96
2698 96
2721 97
2757 98
2764 98
2773 99
2780 99
2827 100
2806 100
2835 101
2868 102
2893 103
2896 103
2927 104
2933 104
2945 105
2965 105
2968 106
2994 106
3019 107
3003 107
3032 108
3035 108
3074 109
3070 109
3056 109
3068 109
3100 110
3133 111
3113 111
3156 112
3143 112
3149 112
3178 113
3164 113
3182 113
3194 114
3249 116
3366 120
3416 122
3437 122
3469 123
3594 128
3656 130
3704 132
3730 133
3751 133
3934 140
4056 144
4122 147
4381 156
4414 157
4569 163
4602 164
676 24
1685 60
2237 79
# 36 0 target:1 c+:51 c-:10 score:33.951073498597516 score+:1116.2817689499177 score-:491.58201657572346 nb:29 =l_2c_119 l_2c_106 l_2c_91 l_2c_121 l_2c_40 l_2c_32 l_2c_75 l_2c_104 l_2c_84 l_2c_117 l_2c_50 l_2c_108 l_2c_15 l_2c_51 l_2c_4 l_2c_71 l_2c_16 l_2c_6 l_2c_18 l_2c_70 l_2c_24 l_2c_42 l_2c_12 l_2c_72 l_2c_7 l_2c_82 l_2c_99 l_2c_105 l_2c_55 
2039 72
3048 108
2 0
125 4
176 6
206 7
292 10
565 20
978 34
1861 66
2808 100
80 2
109 3
745 26
343 12
1774 63
1892 67
1961 70
853 30
1793 64
394 14
1962 70
2150 76
2255 80
53 1
140 5
425 15
546 19
613 21
780 27
828 29
870 31
906 32
1141 40
1246 44
1295 46
1347 48
1372 49
1410 50
1453 51
1801 64
1989 71
2426 86
2455 87
2545 90
2614 93
2672 95
3071 109
16 0
32 1
458 16
557 19
754 26
784 28
1097 39
1232 44
2504 89
2880 102
313 11
364 13
480 17
531 18
995 35
1673 59
535 19
723 25
2471 88
2847 101
473 16
1204 43
# 37 1 target:1 c+:67 c-:23 score:25.96279492470373 score+:1489.1637761938225 score-:1198.3804730371407 nb:17 =l_2c_5 l_2c_64 l_2c_91 l_2c_121 l_2c_57 l_2c_76 l_2c_81 l_2c_87 l_2c_31 l_2c_3 l_2c_98 l_2c_30 l_2c_35 l_2c_119 l_2c_8 l_2c_114 l_2c_38 
871 31
1222 43
2901 103
8 0
48 1
61 2
112 4
146 5
181 6
185 6
196 7
249 8
236 8
257 9
300 10
316 11
334 11
336 12
337 12
368 13
373 13
392 14
424 15
464 16
477 17
522 18
552 19
577 20
605 21
633 22
619 22
644 23
673 24
683 24
705 25
735 26
768 27
757 27
756 27
800 28
793 28
821 29
834 29
849 30
895 31
907 32
932 33
936 33
958 34
972 34
999 35
1022 36
1037 37
1089 38
1099 39
1129 40
1169 41
1183 42
1210 43
1247 44
1274 45
1282 45
1297 46
1315 46
1318 47
1354 48
1435 51
1462 52
1479 52
1503 53
1485 53
1522 54
1542 55
1568 56
1608 57
1650 58
1710 61
1747 62
1796 64
1838 65
1873 66
1877 67
1911 68
1936 69
1984 70
1998 71
2035 72
2065 73
2073 74
2123 75
2169 77
2200 78
2216 79
2253 80
2311 82
2360 84
2381 85
2432 86
2492 89
2513 89
2548 91
2576 92
2680 95
2660 95
2757 98
2780 99
2868 102
2945 105
2968 106
3056 109
3178 113
# 38 2 target:1 c+:38 c-:8 score:23.347252151783785 score+:448.27814130546267 score-:228.81397107869518 nb:14 =l_2c_119 l_2c_35 l_2c_91 l_2c_121 l_2c_57 l_2c_81 l_2c_87 l_2c_31 l_2c_30 l_2c_114 l_2c_3 l_2c_80 l_2c_38 l_2c_32 
2039 72
3048 108
2 0
125 4
176 6
206 7
292 10
565 20
978 34
1861 66
2808 100
80 2
109 3
745 26
343 12
1774 63
394 14
1962 70
2150 76
2255 80
140 5
1141 40
1453 51
16 0
32 1
458 16
557 19
754 26
784 28
1097 39
1232 44
2504 89
2880 102
480 17
531 18
535 19
723 25
2471 88
2847 101
473 16
451 16
1166 41
44 1
115 4
168 6
232 8
582 20
608 21
668 23
796 28
867 30
937 33
1798 64
1879 67
942 33
1080 38
1420 50
# 39 3 target:1 c+:17 c-:2 score:17.037617689529434 score+:647.1164489252462 score-:180.28572423213942 nb:44 =l_2c_29 l_2c_91 l_2c_40 l_2c_32 l_2c_75 l_2c_104 l_2c_84 l_2c_117 l_2c_50 l_2c_108 l_2c_15 l_2c_51 l_2c_74 l_2c_19 l_2c_4 l_2c_71 l_2c_102 l_2c_116 l_2c_16 l_2c_6 l_2c_18 l_2c_70 l_2c_24 l_2c_42 l_2c_122 l_2c_127 l_2c_12 l_2c_126 l_2c_72 l_2c_2 l_2c_7 l_2c_123 l_2c_22 l_2c_9 l_2c_82 l_2c_61 l_2c_99 l_2c_107 l_2c_105 l_2c_55 l_2c_106 l_2c_125 l_2c_115 l_2c_85 
472 16
543 19
650 23
759 27
814 29
2154 76
62 2
87 3
142 5
454 16
910 32
1002 35
1018 36
1446 51
1494 53
2224 79
2468 88
2737 97
2844 101
4038 144
# 40 4 target:1 c+:21 c-:4 score:14.03557285335378 score+:311.8275398587325 score-:154.6291239011702 nb:17 =l_2c_59 l_2c_5 l_2c_85 l_2c_123 l_2c_126 l_2c_40 l_2c_32 l_2c_75 l_2c_84 l_2c_50 l_2c_108 l_2c_15 l_2c_74 l_2c_19 l_2c_4 l_2c_6 l_2c_18 
330 11
571 20
729 26
1269 45
1745 62
2585 92
3892 139
320 11
617 22
893 31
1081 38
1457 52
1933 69
2334 83
2397 85
2873 102
362 12
508 18
550 19
518 18
626 22
1105 39
1206 43
2522 90
3061 109
87 3
142 5
7 0
# 41 5 target:1 c+:15 c-:1 score:10.458693810634712 score+:86.3235136997655 score-:19.387873311703363 nb:9 =l_2c_103 l_2c_114 l_2c_91 l_2c_121 l_2c_57 l_2c_98 l_2c_3 l_2c_38 l_2c_40 
320 11
893 31
1457 52
1933 69
2397 85
2873 102
362 12
508 18
550 19
518 18
626 22
44 1
232 8
608 21
796 28
871 31
1222 43
2901 103
# 42 6 target:1 c+:10 c-:1 score:6.497706327974352 score+:232.6959715901095 score-:78.05056098431986 nb:38 =l_2c_73 l_2c_85 l_2c_115 l_2c_40 l_2c_32 l_2c_75 l_2c_104 l_2c_84 l_2c_117 l_2c_50 l_2c_108 l_2c_15 l_2c_51 l_2c_74 l_2c_19 l_2c_4 l_2c_71 l_2c_102 l_2c_116 l_2c_16 l_2c_6 l_2c_18 l_2c_70 l_2c_24 l_2c_42 l_2c_122 l_2c_127 l_2c_12 l_2c_126 l_2c_72 l_2c_2 l_2c_7 l_2c_123 l_2c_22 l_2c_9 l_2c_82 l_2c_61 l_2c_107 
275 9
2656 94
330 11
429 15
642 22
830 29
1394 49
2342 83
87 3
142 5
7 0
# 43 0 target:0 c+:6 c-:5 score:14.30689536642488 score+:23.738848607993877 score-:46.629881194273686 nb:1 =l_3c_5 
712 25
1502 53
1696 60
2109 75
3715 132
3761 134
3870 138
3926 140
3963 141
4010 143
4879 174
# 44 1 target:0 c+:5 c-:3 score:5.54124274476713 score+:21.40066163496271 score-:30.266650026590117 nb:1 =l_3c_3 
122 4
772 27
906 32
3229 115
3451 123
3762 134
4716 168
5158 184
# 45 0 target:1 c+:2 c-:0 score:7.095942252835352 score+:11.353507604536563 score-:0 nb:1 =l_3c_6 
1136 40
4462 159
